   4.6737285      1.43494047224521637E-002  4.73699830E-02
   4.7889018      1.55462576076388359E-002  4.83699813E-02
   4.8968768      1.67391579598188400E-002  4.93699796E-02
   4.9985533      1.79304387420415878E-002  5.03699780E-02
   5.0957308      1.91335920244455338E-002  5.13699763E-02
   5.1893091      2.03558560460805893E-002  5.23699746E-02
   5.2801881      2.16061640530824661E-002  5.33699729E-02
   5.3692675      2.28948518633842468E-002  5.43699712E-02
   5.4565473      2.42225080728530884E-002  5.53699695E-02
   5.5429273      2.55987979471683502E-002  5.63699678E-02
   5.6275077      2.70124189555644989E-002  5.73699661E-02
   5.7102885      2.84618772566318512E-002  5.83699644E-02
   5.7912698      2.99451947212219238E-002  5.93699627E-02
   5.8704515      3.14607098698616028E-002  6.03699610E-02
   5.9487333      3.30192223191261292E-002  6.13699593E-02
   6.0243158      3.45954112708568573E-002  6.23699576E-02
   6.0989985      3.62130887806415558E-002  6.33699596E-02
   6.1718817      3.78589853644371033E-002  6.43699616E-02
   6.2438650      3.95455248653888702E-002  6.53699636E-02
   6.3149486      4.12726625800132751E-002  6.63699657E-02
   6.3842325      4.30256538093090057E-002  6.73699677E-02
   6.4526167      4.48175482451915741E-002  6.83699697E-02
   6.5192013      4.66331578791141510E-002  6.93699718E-02
   6.5857859      4.85006012022495270E-002  7.03699738E-02
   6.6505709      5.03903664648532867E-002  7.13699758E-02
   6.7144561      5.23162372410297394E-002  7.23699778E-02
   6.7774415      5.42778447270393372E-002  7.33699799E-02
   6.8395271      5.62750026583671570E-002  7.43699819E-02
   6.9007130      5.83073683083057404E-002  7.53699839E-02
   6.9609990      6.03742673993110657E-002  7.63699859E-02
   7.0203853      6.24746382236480713E-002  7.73699880E-02
   7.0788717      6.46079778671264648E-002  7.83699900E-02
   7.1364584      6.67739883065223694E-002  7.93699920E-02
   7.1931453      6.89707025885581970E-002  8.03699940E-02
   7.2489324      7.11982473731040955E-002  8.13699961E-02
   7.3047194      7.34731405973434448E-002  8.23699981E-02
   7.3587070      7.57586061954498291E-002  8.33700001E-02
   7.4126945      7.80908986926078796E-002  8.43700022E-02
   7.4657822      8.04522186517715454E-002  8.53700042E-02
   7.5179701      8.28420147299766541E-002  8.63700062E-02
   7.5701580      8.52807760238647461E-002  8.73700082E-02
   7.6214461      8.77483114600181580E-002  8.83700103E-02
   7.6718345      9.02430489659309387E-002  8.93700123E-02
   7.7213230      9.27629992365837097E-002  9.03700143E-02
   7.7708116      9.53287631273269653E-002  9.13700163E-02
   7.8194003      9.79182347655296326E-002  9.23700184E-02
   7.8670893      0.10053137689828873       9.33700204E-02
   7.9147782      0.10318942368030548       9.43700224E-02
   7.9615674      0.10587134212255478       9.53700244E-02
   8.0083609      0.10859740525484085       9.63700265E-02
   8.0542746      0.11134528368711472       9.73700285E-02
   8.0992880      0.11411415040493011       9.83700305E-02
   8.1443014      0.11692529916763306       9.93700325E-02
   8.1884146      0.11975794285535812       0.10037003    
   8.2325277      0.12263468652963638       0.10137004    
   8.2757406      0.12553177773952484       0.10237004    
   8.3180532      0.12844821810722351       0.10337004    
   8.3612661      0.13142900168895721       0.10437004    
   8.4026785      0.13440141081809998       0.10537004    
   8.4440908      0.13741414248943329       0.10637005    
   8.4846029      0.14044533669948578       0.10737005    
   8.5260153      0.14354436099529266       0.10837005    
   8.5656271      0.14663633704185486       0.10937005    
   8.6052389      0.14976897835731506       0.11037005    
   8.6448507      0.15294125676155090       0.11137006    
   8.6835623      0.15612672269344330       0.11237006    
   8.7222738      0.15935082733631134       0.11337006    
   8.7600851      0.16258667409420013       0.11437006    
   8.7978964      0.16586256027221680       0.11537006    
   8.8357077      0.16917814314365387       0.11637007    
   8.8726187      0.17250600457191467       0.11737007    
   8.9095297      0.17587371170520782       0.11837007    
   8.9455404      0.17925383150577545       0.11937007    
   8.9815512      0.18267066776752472       0.12037008    
   9.0166616      0.18609608709812164       0.12137008    
   9.0517721      0.18955685198307037       0.12237008    
   9.0868826      0.19305290281772614       0.12337008    
   9.1210928      0.19655719399452209       0.12437008    
   9.1553030      0.20009952783584595       0.12537009    
   9.1895132      0.20368322730064392       0.12637009    
   9.2228231      0.20727348327636719       0.12737009    
   9.2561331      0.21089908480644226       0.12837009    
   9.2885427      0.21452771127223969       0.12937009    
   9.3218527      0.21822106838226318       0.13037010    
   9.3542624      0.22192052006721497       0.13137010    
   9.3857718      0.22562724351882935       0.13237010    
   9.4172812      0.22936636209487915       0.13337010    
   9.4487906      0.23313847184181213       0.13437010    
   9.4802999      0.23694370687007904       0.13537011    
   9.5109091      0.24075315892696381       0.13637011    
   9.5415182      0.24459750950336456       0.13737011    
   9.5712271      0.24844485521316528       0.13837011    
   9.6018362      0.25235509872436523       0.13937011    
   9.6315451      0.25626167654991150       0.14037012    
   9.6603537      0.26015511155128479       0.14137012    
   9.6891623      0.26406449079513550       0.14237012    
   9.7179708      0.26798862218856812       0.14337012    
   9.7458792      0.27189499139785767       0.14437012    
   9.7737875      0.27581691741943359       0.14537013    
   9.8007956      0.27972674369812012       0.14637013    
   9.8278036      0.28365987539291382       0.14737013    
   9.8548117      0.28761440515518188       0.14837013    
   9.8809195      0.29155451059341431       0.14937013    
   9.9070272      0.29551553726196289       0.15037014    
   9.9322348      0.29946306347846985       0.15137014    
   9.9583426      0.30346706509590149       0.15237014    
   9.9835501      0.30746012926101685       0.15337014    
   10.008758      0.31147524714469910       0.15437014    
   10.033065      0.31547802686691284       0.15537015    
   10.057372      0.31950429081916809       0.15637015    
   10.081679      0.32354992628097534       0.15737015    
   10.105987      0.32761576771736145       0.15837015    
   10.129394      0.33166852593421936       0.15937015    
   10.153701      0.33577933907508850       0.16037016    
   10.176208      0.33983996510505676       0.16137016    
   10.199615      0.34396067261695862       0.16237016    
   10.222121      0.34806793928146362       0.16337016    
   10.245528      0.35223326086997986       0.16437016    
   10.268035      0.35638114809989929       0.16537017    
   10.289641      0.36051118373870850       0.16637017    
   10.312148      0.36469751596450806       0.16737017    
   10.333755      0.36886563897132874       0.16837017    
   10.355361      0.37305691838264465       0.16937017    
   10.376967      0.37726816534996033       0.17037018    
   10.397674      0.38146737217903137       0.17137018    
   10.418380      0.38568463921546936       0.17237018    
   10.439986      0.38996219635009766       0.17337018    
   10.460692      0.39422225952148438       0.17437018    
   10.480498      0.39846283197402954       0.17537019    
   10.501204      0.40276277065277100       0.17637019    
   10.521010      0.40704199671745300       0.17737019    
   10.540816      0.41133961081504822       0.17837019    
   10.560622      0.41565737128257751       0.17937019    
   10.580428      0.41999450325965881       0.18037020    
   10.599334      0.42431420087814331       0.18137020    
   10.619140      0.42869445681571960       0.18237020    
   10.638045      0.43305325508117676       0.18337020    
   10.656951      0.43742614984512329       0.18437020    
   10.675857      0.44182091951370239       0.18537021    
   10.693862      0.44619104266166687       0.18637021    
   10.712768      0.45062056183815002       0.18737021    
   10.730773      0.45502886176109314       0.18837021    
   10.748778      0.45945921540260315       0.18937021    
   10.766784      0.46390733122825623       0.19037022    
   10.783889      0.46832928061485291       0.19137022    
   10.801894      0.47281351685523987       0.19237022    
   10.819900      0.47733086347579956       0.19337022    
   10.837005      0.48183417320251465       0.19437023    
   10.854110      0.48633351922035217       0.19537023    
   10.871215      0.49082300066947937       0.19637023    
   10.887420      0.49529334902763367       0.19737023    
   10.904525      0.49983778595924377       0.19837023    
   10.920730      0.50436341762542725       0.19937024    
   10.937835      0.50894606113433838       0.20037024    
   10.954040      0.51350337266921997       0.20137024    
   10.970244      0.51807385683059692       0.20237024    
   10.986449      0.52265793085098267       0.20337024    
   11.001754      0.52722042798995972       0.20437025    
   11.017959      0.53184616565704346       0.20537025    
   11.033263      0.53644895553588867       0.20637025    
   11.049468      0.54110324382781982       0.20737025    
   11.064773      0.54572892189025879       0.20837025    
   11.080077      0.55037510395050049       0.20937026    
   11.095382      0.55504357814788818       0.21037026    
   11.109786      0.55968189239501953       0.21137026    
   11.125091      0.56437247991561890       0.21237026    
   11.139495      0.56903290748596191       0.21337026    
   11.154799      0.57375812530517578       0.21437027    
   11.169204      0.57845759391784668       0.21537027    
   11.183608      0.58316057920455933       0.21637027    
   11.198012      0.58787000179290771       0.21737027    
   11.211516      0.59255605936050415       0.21837027    
   11.225921      0.59731501340866089       0.21937028    
   11.239425      0.60204976797103882       0.22037028    
   11.253829      0.60683542490005493       0.22137028    
   11.267333      0.61158335208892822       0.22237028    
   11.280837      0.61633974313735962       0.22337028    
   11.294341      0.62111139297485352       0.22437029    
   11.307845      0.62590140104293823       0.22537029    
   11.321349      0.63070243597030640       0.22637029    
   11.333953      0.63547247648239136       0.22737029    
   11.347457      0.64030551910400391       0.22837029    
   11.360061      0.64512020349502563       0.22937030    
   11.373565      0.64998817443847656       0.23037030    
   11.386168      0.65481185913085938       0.23137030    
   11.398772      0.65963184833526611       0.23237030    
   11.411376      0.66447240114212036       0.23337030    
   11.423980      0.66934537887573242       0.23437031    
   11.435683      0.67418593168258667       0.23537031    
   11.448287      0.67906981706619263       0.23637031    
   11.459991      0.68390721082687378       0.23737031    
   11.472594      0.68881040811538696       0.23837031    
   11.484298      0.69369131326675415       0.23937032    
   11.496001      0.69857686758041382       0.24037032    
   11.507705      0.70346587896347046       0.24137032    
   11.519408      0.70837122201919556       0.24237032    
   11.531112      0.71327996253967285       0.24337032    
   11.542815      0.71821475028991699       0.24437033    
   11.553618      0.72316634654998779       0.24537033    
   11.565322      0.72801923751831055       0.24637033    
   11.575225      0.73233222961425781       0.24737033    
   11.583327      0.73610007762908936       0.24837033    
   11.591430      0.73960679769515991       0.24937034    
   11.598632      0.74292784929275513       0.25037032    
   11.605834      0.74617475271224976       0.25137031    
   11.612136      0.74932736158370972       0.25237030    
   11.619338      0.75250047445297241       0.25337029    
   11.625640      0.75558584928512573       0.25437027    
   11.632842      0.75868529081344604       0.25537026    
   11.639144      0.76171076297760010       0.25637025    
   11.645446      0.76471483707427979       0.25737023    
   11.650847      0.76765644550323486       0.25837022    
   11.657149      0.77063232660293579       0.25937021    
   11.663451      0.77359592914581299       0.26037019    
   11.668853      0.77650111913681030       0.26137018    
   11.675155      0.77943795919418335       0.26237017    
   11.680556      0.78231459856033325       0.26337016    
   11.685958      0.78517621755599976       0.26437014    
   11.691360      0.78802025318145752       0.26537013    
   11.696761      0.79085892438888550       0.26637012    
   11.702163      0.79369252920150757       0.26737010    
   11.707564      0.79652422666549683       0.26837009    
   11.712966      0.79935723543167114       0.26937008    
   11.718368      0.80218422412872314       0.27037007    
   11.722869      0.80494821071624756       0.27137005    
   11.728271      0.80775719881057739       0.27237004    
   11.733672      0.81056004762649536       0.27337003    
   11.738173      0.81332445144653320       0.27437001    
   11.742675      0.81607156991958618       0.27537000    
   11.747176      0.81881266832351685       0.27636999    
   11.752578      0.82159721851348877       0.27736998    
   11.757079      0.82433068752288818       0.27836996    
   11.761580      0.82706999778747559       0.27936995    
   11.766082      0.82980275154113770       0.28036994    
   11.770583      0.83253508806228638       0.28136992    
   11.774184      0.83520907163619995       0.28236991    
   11.778686      0.83793729543685913       0.28336990    
   11.783187      0.84066271781921387       0.28436989    
   11.787688      0.84338659048080444       0.28536987    
   11.791289      0.84606224298477173       0.28636986    
   11.795791      0.84878444671630859       0.28736985    
   11.799392      0.85145485401153564       0.28836983    
   11.802993      0.85412591695785522       0.28936982    
   11.807494      0.85684239864349365       0.29036981    
   11.811095      0.85951143503189087       0.29136980    
   11.814696      0.86218488216400146       0.29236978    
   11.818297      0.86485582590103149       0.29336977    
   11.821898      0.86752671003341675       0.29436976    
   11.825500      0.87019866704940796       0.29536974    
   11.829101      0.87286680936813354       0.29636973    
   11.832702      0.87553471326828003       0.29736972    
   11.836303      0.87819927930831909       0.29836971    
   11.839904      0.88087075948715210       0.29936969    
   11.842605      0.88348925113677979       0.30036968    
   11.846206      0.88615512847900391       0.30136967    
   11.849807      0.88882875442504883       0.30236965    
   11.852508      0.89145761728286743       0.30336964    
   11.856109      0.89412736892700195       0.30436963    
   11.858809      0.89675354957580566       0.30536962    
   11.862411      0.89942979812622070       0.30636960    
   11.865111      0.90205252170562744       0.30736959    
   11.867812      0.90467935800552368       0.30836958    
   11.870513      0.90731120109558105       0.30936956    
   11.873214      0.90993338823318481       0.31036955    
   11.876815      0.91260093450546265       0.31136954    
   11.879516      0.91523277759552002       0.31236953    
   11.882216      0.91787266731262207       0.31336951    
   11.884917      0.92050719261169434       0.31436950    
   11.886718      0.92309325933456421       0.31536949    
   11.889419      0.92573302984237671       0.31636947    
   11.892119      0.92838066816329956       0.31736946    
   11.894820      0.93102496862411499       0.31836945    
   11.897521      0.93367028236389160       0.31936944    
   11.899322      0.93626159429550171       0.32036942    
   11.902022      0.93891257047653198       0.32136941    
   11.903823      0.94151645898818970       0.32236940    
   11.906524      0.94417279958724976       0.32336938    
   11.908324      0.94677388668060303       0.32436937    
   11.911025      0.94941991567611694       0.32536936    
   11.912826      0.95201957225799561       0.32636935    
   11.914626      0.95462369918823242       0.32736933    
   11.917327      0.95728868246078491       0.32836932    
   11.919127      0.95991796255111694       0.32936931    
   11.920928      0.96254885196685791       0.33036929    
   11.922729      0.96517717838287354       0.33136928    
   11.924529      0.96779048442840576       0.33236927    
   11.926330      0.97040361166000366       0.33336926    
   11.928130      0.97301000356674194       0.33436924    
   11.929931      0.97563731670379639       0.33536923    
   11.931731      0.97827035188674927       0.33636922    
   11.933532      0.98089361190795898       0.33736920    
   11.935332      0.98352634906768799       0.33836919    
   11.937133      0.98616701364517212       0.33936918    
   11.938933      0.98881262540817261       0.34036916    
   11.939834      0.99141669273376465       0.34136915    
   11.941634      0.99405932426452637       0.34236914    
   11.943435      0.99669641256332397       0.34336913    
   11.944335      0.99929141998291016       0.34436911    
   11.946136       1.0019387006759644       0.34536910    
   11.947036       1.0045471191406250       0.34636909    
   11.948836       1.0072134733200073       0.34736907    
   11.949737       1.0098333358764648       0.34836906    
   11.951537       1.0124956369400024       0.34936905    
   11.952437       1.0151040554046631       0.35036904    
   11.953338       1.0177062749862671       0.35136902    
   11.955138       1.0203703641891479       0.35236901    
   11.956038       1.0229921340942383       0.35336900    
   11.956939       1.0256102085113525       0.35436898    
   11.957839       1.0282223224639893       0.35536897    
   11.958739       1.0308531522750854       0.35636896    
   11.960540       1.0335415601730347       0.35736895    
   11.961440       1.0361845493316650       0.35836893    
   11.962340       1.0388290882110596       0.35936892    
   11.963241       1.0414690971374512       0.36036891    
   11.964141       1.0441009998321533       0.36136889    
   11.965041       1.0467308759689331       0.36236888    
   11.965041       1.0493209362030029       0.36336887    
   11.965941       1.0519665479660034       0.36436886    
   11.966842       1.0546063184738159       0.36536884    
   11.967742       1.0572577714920044       0.36636883    
   11.968642       1.0599303245544434       0.36736882    
   11.969543       1.0625948905944824       0.36836880    
   11.969543       1.0651844739913940       0.36936879    
   11.970443       1.0678288936614990       0.37036878    
   11.971343       1.0704954862594604       0.37136877    
   11.971343       1.0731246471405029       0.37236875    
   11.972243       1.0758025646209717       0.37336874    
   11.972243       1.0784200429916382       0.37436873    
   11.973144       1.0810741186141968       0.37536871    
   11.973144       1.0836858749389648       0.37636870    
   11.974044       1.0863692760467529       0.37736869    
   11.974044       1.0890134572982788       0.37836868    
   11.974944       1.0916899442672729       0.37936866    
   11.974944       1.0943086147308350       0.38036865    
   11.974944       1.0969411134719849       0.38136864    
   11.975844       1.0996341705322266       0.38236862    
   11.975844       1.1022703647613525       0.38336861    
   11.975844       1.1048918962478638       0.38436860    
   11.975844       1.1075310707092285       0.38536859    
   11.976745       1.1102415323257446       0.38636857    
   11.976745       1.1128859519958496       0.38736856    
   11.976745       1.1155102252960205       0.38836855    
   11.976745       1.1181595325469971       0.38936853    
   11.976745       1.1208209991455078       0.39036852    
   11.976745       1.1234792470932007       0.39136851    
   11.976745       1.1261392831802368       0.39236850    
   11.976745       1.1288014650344849       0.39336848    
   11.976745       1.1314450502395630       0.39436847    
   11.976745       1.1340820789337158       0.39536846    
   11.976745       1.1367347240447998       0.39636844    
   11.976745       1.1394053697586060       0.39736843    
   11.976745       1.1420730352401733       0.39836842    
   11.976745       1.1447230577468872       0.39936841    
   11.976745       1.1473782062530518       0.40036839    
   11.975844       1.1499998569488525       0.40136838    
   11.975844       1.1526929140090942       0.40236837    
   11.975844       1.1553570032119751       0.40336835    
   11.975844       1.1580055952072144       0.40436834    
   11.974944       1.1606173515319824       0.40536833    
   11.974944       1.1632852554321289       0.40636832    
   11.974944       1.1659580469131470       0.40736830    
   11.974044       1.1686017513275146       0.40836829    
   11.974044       1.1713052988052368       0.40936828    
   11.974044       1.1739748716354370       0.41036826    
   11.973144       1.1765638589859009       0.41136825    
   11.973144       1.1792228221893311       0.41236824    
   11.972243       1.1818723678588867       0.41336823    
   11.972243       1.1845635175704956       0.41436821    
   11.971343       1.1871912479400635       0.41536820    
   11.971343       1.1898826360702515       0.41636819    
   11.970443       1.1925289630889893       0.41736817    
   11.969543       1.1951537132263184       0.41836816    
   11.969543       1.1978091001510620       0.41936815    
   11.968642       1.2004303932189941       0.42036813    
   11.968642       1.2031426429748535       0.42136812    
   11.967742       1.2057842016220093       0.42236811    
   11.966842       1.2084138393402100       0.42336810    
   11.966842       1.2110949754714966       0.42436808    
   11.965941       1.2137312889099121       0.42536807    
   11.965041       1.2163714170455933       0.42636806    
   11.964141       1.2189835309982300       0.42736804    
   11.963241       1.2216128110885620       0.42836803    
   11.963241       1.2243177890777588       0.42936802    
   11.962340       1.2269856929779053       0.43036801    
   11.961440       1.2296206951141357       0.43136799    
   11.960540       1.2322508096694946       0.43236798    
   11.959640       1.2348877191543579       0.43336797    
   11.958739       1.2375239133834839       0.43436795    
   11.957839       1.2401543855667114       0.43536794    
   11.956939       1.2427673339843750       0.43636793    
   11.956038       1.2453806400299072       0.43736792    
   11.956038       1.2480758428573608       0.43836790    
   11.954238       1.2506898641586304       0.43936789    
   11.953338       1.2533560991287231       0.44036788    
   11.952437       1.2559943199157715       0.44136786    
   11.951537       1.2586026191711426       0.44236785    
   11.950637       1.2612061500549316       0.44336784    
   11.949737       1.2638354301452637       0.44436783    
   11.948836       1.2664750814437866       0.44536781    
   11.947936       1.2691209316253662       0.44636780    
   11.947036       1.2717493772506714       0.44736779    
   11.946136       1.2743694782257080       0.44836777    
   11.944335       1.2769541740417480       0.44936776    
   11.943435       1.2796156406402588       0.45036775    
   11.942534       1.2822638750076294       0.45136774    
   11.941634       1.2848837375640869       0.45236772    
   11.940734       1.2874870300292969       0.45336771    
   11.938933       1.2900073528289795       0.45436770    
   11.938033       1.2926195859909058       0.45536768    
   11.937133       1.2952729463577271       0.45636767    
   11.935332       1.2978713512420654       0.45736766    
   11.934432       1.3004957437515259       0.45836765    
   11.933532       1.3030954599380493       0.45936763    
   11.931731       1.3056457042694092       0.46036762    
   11.930831       1.3082879781723022       0.46136761    
   11.929931       1.3109178543090820       0.46236759    
   11.928130       1.3134963512420654       0.46336758    
   11.927230       1.3161184787750244       0.46436757    
   11.925429       1.3186665773391724       0.46536756    
   11.924529       1.3212168216705322       0.46636754    
   11.923629       1.3237830400466919       0.46736753    
   11.921828       1.3263593912124634       0.46836752    
   11.920928       1.3290001153945923       0.46936750    
   11.919127       1.3315938711166382       0.47036749    
   11.917327       1.3341692686080933       0.47136748    
   11.916427       1.3367662429809570       0.47236747    
   11.914626       1.3392965793609619       0.47336745    
   11.913726       1.3418569564819336       0.47436744    
   11.911925       1.3444020748138428       0.47536743    
   11.911025       1.3470022678375244       0.47636741    
   11.909225       1.3495566844940186       0.47736740    
   11.907424       1.3521018028259277       0.47836739    
   11.906524       1.3546600341796875       0.47936738    
   11.904723       1.3571642637252808       0.48036736    
   11.902923       1.3596658706665039       0.48136735    
   11.902022       1.3622231483459473       0.48236734    
   11.900222       1.3647599220275879       0.48336732    
   11.898421       1.3673239946365356       0.48436731    
   11.897521       1.3699153661727905       0.48536730    
   11.895720       1.3724476099014282       0.48636729    
   11.893920       1.3749712705612183       0.48736727    
   11.892119       1.3774974346160889       0.48836726    
   11.891219       1.3800536394119263       0.48936725    
   11.889419       1.3825174570083618       0.49036723    
   11.887618       1.3849964141845703       0.49136722    
   11.885818       1.3875012397766113       0.49236721    
   11.884017       1.3900227546691895       0.49336720    
   11.883117       1.3925590515136719       0.49436718    
   11.881316       1.3950237035751343       0.49536717    
   11.879516       1.3975244760513306       0.49636716    
   11.877715       1.4000415802001953       0.49736714    
   11.875915       1.4025301933288574       0.49836713    
   11.874114       1.4049700498580933       0.49936712    
   11.872313       1.4073992967605591       0.50036711    
   11.870513       1.4098851680755615       0.50136709    
   11.868712       1.4124034643173218       0.50236708    
   11.867812       1.4149504899978638       0.50336707    
   11.866012       1.4174462556838989       0.50436705    
   11.864211       1.4199308156967163       0.50536704    
   11.862411       1.4223870038986206       0.50636703    
   11.860610       1.4248343706130981       0.50736701    
   11.858809       1.4272991418838501       0.50836700    
   11.857009       1.4297291040420532       0.50936699    
   11.855208       1.4321130514144897       0.51036698    
   11.853408       1.4345082044601440       0.51136696    
   11.851607       1.4369426965713501       0.51236695    
   11.848907       1.4393275976181030       0.51336694    
   11.847106       1.4417568445205688       0.51436692    
   11.845305       1.4441970586776733       0.51536691    
   11.843505       1.4466493129730225       0.51636690    
   11.841704       1.4490731954574585       0.51736689    
   11.839904       1.4514973163604736       0.51836687    
   11.838103       1.4539226293563843       0.51936686    
   11.836303       1.4563298225402832       0.52036685    
   11.834502       1.4587072134017944       0.52136683    
   11.832702       1.4610606431961060       0.52236682    
   11.830001       1.4633930921554565       0.52336681    
   11.828200       1.4658004045486450       0.52436680    
   11.826400       1.4682028293609619       0.52536678    
   11.824599       1.4706133604049683       0.52636677    
   11.822799       1.4730340242385864       0.52736676    
   11.820098       1.4753688573837280       0.52836674    
   11.818297       1.4777430295944214       0.52936673    
   11.816497       1.4801070690155029       0.53036672    
   11.814696       1.4824353456497192       0.53136671    
   11.811996       1.4846765995025635       0.53236669    
   11.810195       1.4869421720504761       0.53336668    
   11.808394       1.4891788959503174       0.53436667    
   11.806594       1.4913632869720459       0.53536665    
   11.804793       1.4935196638107300       0.53636664    
   11.802993       1.4956929683685303       0.53736663    
   11.801192       1.4978803396224976       0.53836662    
   11.798491       1.5000321865081787       0.53936660    
   11.796691       1.5022225379943848       0.54036659    
   11.794890       1.5044207572937012       0.54136658    
   11.793090       1.5065910816192627       0.54236656    
   11.790389       1.5087062120437622       0.54336655    
   11.788589       1.5108613967895508       0.54436654    
   11.786788       1.5129950046539307       0.54536653    
   11.784987       1.5151087045669556       0.54636651    
   11.783187       1.5172295570373535       0.54736650    
   11.780486       1.5192900896072388       0.54836649    
   11.778686       1.5213738679885864       0.54936647    
   11.776885       1.5234329700469971       0.55036646    
   11.775084       1.5254793167114258       0.55136645    
   11.773284       1.5274851322174072       0.55236644    
   11.770583       1.5294399261474609       0.55336642    
   11.768783       1.5314946174621582       0.55436641    
   11.766982       1.5335484743118286       0.55536640    
   11.765182       1.5356092453002930       0.55636638    
   11.762481       1.5375937223434448       0.55736637    
   11.760680       1.5396128892898560       0.55836636    
   11.758880       1.5416352748870850       0.55936635    
   11.756179       1.5436007976531982       0.56036633    
   11.754378       1.5456004142761230       0.56136632    
   11.752578       1.5475865602493286       0.56236631    
   11.750777       1.5495644807815552       0.56336629    
   11.748076       1.5514870882034302       0.56436628    
   11.746276       1.5534424781799316       0.56536627    
   11.744475       1.5553880929946899       0.56636626    
   11.741775       1.5572866201400757       0.56736624    
   11.739974       1.5592168569564819       0.56836623    
   11.738173       1.5611209869384766       0.56936622    
   11.736373       1.5630391836166382       0.57036620    
   11.733672       1.5648522377014160       0.57136619    
   11.731872       1.5667014122009277       0.57236618    
   11.730071       1.5685019493103027       0.57336617    
   11.727370       1.5702881813049316       0.57436615    
   11.725570       1.5721728801727295       0.57536614    
   11.723769       1.5740910768508911       0.57636613    
   11.721068       1.5759395360946655       0.57736611    
   11.719268       1.5778299570083618       0.57836610    
   11.717467       1.5797033309936523       0.57936609    
   11.714767       1.5815048217773438       0.58036608    
   11.712966       1.5833539962768555       0.58136606    
   11.710265       1.5851627588272095       0.58236605    
   11.708465       1.5870008468627930       0.58336604    
   11.705764       1.5888025760650635       0.58436602    
   11.703963       1.5906214714050293       0.58536601    
   11.702163       1.5924502611160278       0.58636600    
   11.699462       1.5942248106002808       0.58736598    
   11.697661       1.5960259437561035       0.58836597    
   11.694961       1.5977590084075928       0.58936596    
   11.693160       1.5995389223098755       0.59036595    
   11.690459       1.6012711524963379       0.59136593    
   11.688659       1.6030439138412476       0.59236592    
   11.686858       1.6048146486282349       0.59336591    
   11.684157       1.6065355539321899       0.59436589    
   11.682357       1.6082746982574463       0.59536588    
   11.679656       1.6099720001220703       0.59636587    
   11.677855       1.6116832494735718       0.59736586    
   11.675155       1.6133260726928711       0.59836584    
   11.673354       1.6149760484695435       0.59936583    
   11.671554       1.6166461706161499       0.60036582    
   11.668853       1.6183211803436279       0.60136580    
   11.667052       1.6200402975082397       0.60236579    
   11.664351       1.6217107772827148       0.60336578    
   11.661651       1.6233714818954468       0.60436577    
   11.659850       1.6250764131546021       0.60536575    
   11.657149       1.6267137527465820       0.60636574    
   11.655349       1.6283940076828003       0.60736573    
   11.652648       1.6300143003463745       0.60836571    
   11.650847       1.6316819190979004       0.60936570    
   11.648147       1.6332925558090210       0.61036569    
   11.646346       1.6349486112594604       0.61136568    
   11.643645       1.6365576982498169       0.61236566    
   11.641845       1.6382068395614624       0.61336565    
   11.639144       1.6397967338562012       0.61436564    
   11.636443       1.6413832902908325       0.61536562    
   11.634643       1.6429911851882935       0.61636561    
   11.631942       1.6445572376251221       0.61736560    
   11.630141       1.6461499929428101       0.61836559    
   11.627440       1.6476948261260986       0.61936557    
   11.625640       1.6492683887481689       0.62036556    
   11.622939       1.6508048772811890       0.62136555    
   11.620238       1.6523400545120239       0.62236553    
   11.618438       1.6539180278778076       0.62336552    
   11.615737       1.6554274559020996       0.62436551    
   11.613936       1.6569801568984985       0.62536550    
   11.611236       1.6584737300872803       0.62636548    
   11.609435       1.6599904298782349       0.62736547    
   11.606734       1.6614603996276855       0.62836546    
   11.604033       1.6629494428634644       0.62936544    
   11.602233       1.6644634008407593       0.63036543    
   11.599532       1.6659200191497803       0.63136542    
   11.597732       1.6674110889434814       0.63236541    
   11.595031       1.6688354015350342       0.63336539    
   11.592330       1.6702525615692139       0.63436538    
   11.590529       1.6717610359191895       0.63536537    
   11.587829       1.6732217073440552       0.63636535    
   11.585128       1.6746958494186401       0.63736534    
   11.583327       1.6761983633041382       0.63836533    
   11.580626       1.6776400804519653       0.63936532    
   11.577926       1.6790874004364014       0.64036530    
   11.576125       1.6805707216262817       0.64136529    
   11.573424       1.6819967031478882       0.64236528    
   11.570724       1.6834148168563843       0.64336526    
   11.568923       1.6848707199096680       0.64436525    
   11.566222       1.6862645149230957       0.64536524    
   11.563521       1.6876463890075684       0.64636523    
   11.561721       1.6891036033630371       0.64736521    
   11.559020       1.6904989480972290       0.64836520    
   11.556319       1.6918922662734985       0.64936519    
   11.553618       1.6932947635650635       0.65036517    
   11.551818       1.6947234869003296       0.65136516    
   11.549117       1.6960947513580322       0.65236515    
   11.546416       1.6974586248397827       0.65336514    
   11.543715       1.6988226175308228       0.65436512    
   11.541915       1.7002277374267578       0.65536511    
   11.539214       1.7015712261199951       0.65636510    
   11.536513       1.7029117345809937       0.65736508    
   11.534713       1.7042838335037231       0.65836507    
   11.532012       1.7055916786193848       0.65936506    
   11.529311       1.7069022655487061       0.66036505    
   11.526610       1.7082105875015259       0.66136503    
   11.524810       1.7095609903335571       0.66236502    
   11.522109       1.7108675241470337       0.66336501    
   11.519408       1.7121901512145996       0.66436499    
   11.516707       1.7134884595870972       0.66536498    
   11.514907       1.7148226499557495       0.66636497    
   11.512206       1.7161152362823486       0.66736495    
   11.509505       1.7173997163772583       0.66836494    
   11.506804       1.7186722755432129       0.66936493    
   11.504104       1.7199431657791138       0.67036492    
   11.502303       1.7212485074996948       0.67136490    
   11.499602       1.7224973440170288       0.67236489    
   11.496902       1.7237464189529419       0.67336488    
   11.494201       1.7249829769134521       0.67436486    
   11.492400       1.7262504100799561       0.67536485    
   11.489699       1.7274671792984009       0.67636484    
   11.486999       1.7286690473556519       0.67736483    
   11.484298       1.7298680543899536       0.67836481    
   11.482497       1.7311120033264160       0.67936480    
   11.479796       1.7323194742202759       0.68036479    
   11.477096       1.7334916591644287       0.68136477    
   11.474395       1.7346633672714233       0.68236476    
   11.472594       1.7358793020248413       0.68336475    
   11.469893       1.7370789051055908       0.68436474    
   11.467193       1.7382881641387939       0.68536472    
   11.464492       1.7394737005233765       0.68636471    
   11.461791       1.7406526803970337       0.68736470    
   11.459090       1.7418363094329834       0.68836468    
   11.457290       1.7430813312530518       0.68936467    
   11.454589       1.7442560195922852       0.69036466    
   11.451888       1.7454192638397217       0.69136465    
   11.449187       1.7465788125991821       0.69236463    
   11.446486       1.7477304935455322       0.69336462    
   11.443786       1.7488704919815063       0.69436461    
   11.441085       1.7500145435333252       0.69536459    
   11.439284       1.7511878013610840       0.69636458    
   11.436584       1.7523204088211060       0.69736457    
   11.433883       1.7534327507019043       0.69836456    
   11.431182       1.7545444965362549       0.69936454    
   11.428481       1.7556629180908203       0.70036453    
   11.425780       1.7567886114120483       0.70136452    
   11.423980       1.7579457759857178       0.70236450    
   11.421279       1.7590510845184326       0.70336449    
   11.418578       1.7601498365402222       0.70436448    
   11.415877       1.7612515687942505       0.70536447    
   11.413177       1.7623355388641357       0.70636445    
   11.410476       1.7634222507476807       0.70736444    
   11.407775       1.7644922733306885       0.70836443    
   11.405974       1.7656136751174927       0.70936441    
   11.403274       1.7666845321655273       0.71036440    
   11.400573       1.7677555084228516       0.71136439    
   11.397872       1.7688131332397461       0.71236438    
   11.395171       1.7698675394058228       0.71336436    
   11.392470       1.7709211111068726       0.71436435    
   11.389770       1.7719655036926270       0.71536434    
   11.387069       1.7730095386505127       0.71636432    
   11.385268       1.7740827798843384       0.71736431    
   11.382567       1.7751138210296631       0.71836430    
   11.379867       1.7761317491531372       0.71936429    
   11.377166       1.7771425247192383       0.72036427    
   11.374465       1.7781465053558350       0.72136426    
   11.371764       1.7791446447372437       0.72236425    
   11.369063       1.7801384925842285       0.72336423    
   11.367263       1.7811725139617920       0.72436422    
   11.364562       1.7821624279022217       0.72536421    
   11.361861       1.7831492424011230       0.72636420    
   11.359160       1.7841516733169556       0.72736418    
   11.356460       1.7851502895355225       0.72836417    
   11.353759       1.7861348390579224       0.72936416    
   11.351058       1.7871122360229492       0.73036414    
   11.348357       1.7880893945693970       0.73136413    
   11.345656       1.7890597581863403       0.73236412    
   11.342956       1.7900271415710449       0.73336411    
   11.341155       1.7910237312316895       0.73436409    
   11.338454       1.7919875383377075       0.73536408    
   11.335753       1.7929369211196899       0.73636407    
   11.333053       1.7938766479492188       0.73736405    
   11.330352       1.7948149442672729       0.73836404    
   11.327651       1.7957491874694824       0.73936403    
   11.324950       1.7966778278350830       0.74036402    
   11.322249       1.7976084947586060       0.74136400    
   11.319549       1.7985228300094604       0.74236399    
   11.317748       1.7994892597198486       0.74336398    
   11.315047       1.8003960847854614       0.74436396    
   11.312346       1.8013013601303101       0.74536395    
   11.309646       1.8022092580795288       0.74636394    
   11.306945       1.8030974864959717       0.74736392    
   11.304244       1.8039903640747070       0.74836391    
   11.301543       1.8048876523971558       0.74936390    
   11.298842       1.8057698011398315       0.75036389    
   11.296142       1.8066493272781372       0.75136387    
   11.293441       1.8075132369995117       0.75236386    
   11.291640       1.8084310293197632       0.75336385    
   11.288939       1.8092854022979736       0.75436383    
   11.286239       1.8101472854614258       0.75536382    
   11.283538       1.8109836578369141       0.75636381    
   11.280837       1.8118120431900024       0.75736380    
   11.278136       1.8126460313796997       0.75836378    
   11.276336       1.8135172128677368       0.75936377    
   11.273635       1.8143606185913086       0.76036376    
   11.270934       1.8152028322219849       0.76136374    
   11.268233       1.8160510063171387       0.76236373    
   11.265532       1.8168944120407104       0.76336372    
   11.262832       1.8177403211593628       0.76436371    
   11.260131       1.8185722827911377       0.76536369    
   11.257430       1.8194009065628052       0.76636368    
   11.254729       1.8202379941940308       0.76736367    
   11.252028       1.8210532665252686       0.76836365    
   11.249328       1.8218753337860107       0.76936364    
   11.246627       1.8226990699768066       0.77036363    
   11.243926       1.8234924077987671       0.77136362    
   11.241225       1.8243118524551392       0.77236360    
   11.238524       1.8251174688339233       0.77336359    
   11.236724       1.8259479999542236       0.77436358    
   11.234023       1.8267422914505005       0.77536356    
   11.231322       1.8275336027145386       0.77636355    
   11.228621       1.8283278942108154       0.77736354    
   11.225921       1.8290990591049194       0.77836353    
   11.223220       1.8298895359039307       0.77936351    
   11.220519       1.8306598663330078       0.78036350    
   11.217818       1.8314346075057983       0.78136349    
   11.215117       1.8321964740753174       0.78236347    
   11.212417       1.8329572677612305       0.78336346    
   11.209716       1.8337254524230957       0.78436345    
   11.207015       1.8344730138778687       0.78536344    
   11.204314       1.8352291584014893       0.78636342    
   11.201613       1.8359847068786621       0.78736341    
   11.199813       1.8367587327957153       0.78836340    
   11.197112       1.8375051021575928       0.78936338    
   11.194411       1.8382372856140137       0.79036337    
   11.191710       1.8389614820480347       0.79136336    
   11.189010       1.8397014141082764       0.79236335    
   11.186309       1.8404176235198975       0.79336333    
   11.183608       1.8411349058151245       0.79436332    
   11.180907       1.8418605327606201       0.79536331    
   11.178206       1.8425668478012085       0.79636329    
   11.175506       1.8432695865631104       0.79736328    
   11.172805       1.8439840078353882       0.79836327    
   11.170104       1.8446866273880005       0.79936326    
   11.167403       1.8453845977783203       0.80036324    
   11.165603       1.8461241722106934       0.80136323    
   11.162902       1.8468062877655029       0.80236322    
   11.160201       1.8474725484848022       0.80336320    
   11.157500       1.8481498956680298       0.80436319    
   11.154799       1.8488098382949829       0.80536318    
   11.152099       1.8494703769683838       0.80636317    
   11.149398       1.8501211404800415       0.80736315    
   11.147597       1.8508100509643555       0.80836314    
   11.144897       1.8514572381973267       0.80936313    
   11.142196       1.8520947694778442       0.81036311    
   11.139495       1.8527299165725708       0.81136310    
   11.136794       1.8533644676208496       0.81236309    
   11.134093       1.8539861440658569       0.81336308    
   11.132293       1.8546425104141235       0.81436306    
   11.129592       1.8552567958831787       0.81536305    
   11.126891       1.8558714389801025       0.81636304    
   11.124190       1.8564814329147339       0.81736302    
   11.122390       1.8571196794509888       0.81836301    
   11.119689       1.8577206134796143       0.81936300    
   11.116988       1.8583164215087891       0.82036299    
   11.114287       1.8588997125625610       0.82136297    
   11.111587       1.8594852685928345       0.82236296    
   11.109786       1.8601148128509521       0.82336295    
   11.107085       1.8606919050216675       0.82436293    
   11.104384       1.8612583875656128       0.82536292    
   11.102584       1.8618706464767456       0.82636291    
   11.099883       1.8624351024627686       0.82736290    
   11.097182       1.8629881143569946       0.82836288    
   11.094481       1.8635455369949341       0.82936287    
   11.092681       1.8641364574432373       0.83036286    
   11.089980       1.8646900653839111       0.83136284    
   11.087279       1.8652414083480835       0.83236283    
   11.084579       1.8657872676849365       0.83336282    
   11.082778       1.8663750886917114       0.83436280    
   11.080077       1.8669198751449585       0.83536279    
   11.077376       1.8674583435058594       0.83636278    
   11.075576       1.8680343627929688       0.83736277    
   11.072875       1.8685647249221802       0.83836275    
   11.070174       1.8690863847732544       0.83936274    
   11.067473       1.8696105480194092       0.84036273    
   11.065673       1.8701742887496948       0.84136271    
   11.062972       1.8706953525543213       0.84236270    
   11.060271       1.8712090253829956       0.84336269    
   11.058471       1.8717616796493530       0.84436268    
   11.055770       1.8722732067108154       0.84536266    
   11.053069       1.8727730512619019       0.84636265    
   11.050368       1.8732825517654419       0.84736264    
   11.048568       1.8738121986389160       0.84836262    
   11.045867       1.8743109703063965       0.84936261    
   11.043166       1.8747998476028442       0.85036260    
   11.041366       1.8753336668014526       0.85136259    
   11.038665       1.8758162260055542       0.85236257    
   11.035964       1.8763008117675781       0.85336256    
   11.034163       1.8768156766891479       0.85436255    
   11.031463       1.8773009777069092       0.85536253    
   11.028762       1.8777742385864258       0.85636252    
   11.026961       1.8782794475555420       0.85736251    
   11.024261       1.8787525892257690       0.85836250    
   11.021560       1.8792153596878052       0.85936248    
   11.019759       1.8797181844711304       0.86036247    
   11.017058       1.8801691532135010       0.86136246    
   11.014358       1.8806290626525879       0.86236244    
   11.012557       1.8811194896697998       0.86336243    
   11.009856       1.8815734386444092       0.86436242    
   11.007155       1.8820170164108276       0.86536241    
   11.005355       1.8825060129165649       0.86636239    
   11.002654       1.8829452991485596       0.86736238    
   10.999953       1.8833854198455811       0.86836237    
   10.998153       1.8838514089584351       0.86936235    
   10.995452       1.8842868804931641       0.87036234    
   10.992751       1.8847163915634155       0.87136233    
   10.990951       1.8851855993270874       0.87236232    
   10.988250       1.8856029510498047       0.87336230    
   10.985549       1.8860310316085815       0.87436229    
   10.983748       1.8864886760711670       0.87536228    
   10.981048       1.8869124650955200       0.87636226    
   10.979247       1.8873546123504639       0.87736225    
   10.976546       1.8877729177474976       0.87836224    
   10.973845       1.8881732225418091       0.87936223    
   10.972045       1.8886201381683350       0.88036221    
   10.969344       1.8890264034271240       0.88136220    
   10.966643       1.8894251585006714       0.88236219    
   10.964843       1.8898572921752930       0.88336217    
   10.962142       1.8902496099472046       0.88436216    
   10.960341       1.8906853199005127       0.88536215    
   10.957641       1.8910714387893677       0.88636214    
   10.954940       1.8914552927017212       0.88736212    
   10.953139       1.8918849229812622       0.88836211    
   10.950438       1.8922637701034546       0.88936210    
   10.948638       1.8926829099655151       0.89036208    
   10.945937       1.8930470943450928       0.89136207    
   10.943236       1.8934286832809448       0.89236206    
   10.941436       1.8938372135162354       0.89336205    
   10.938735       1.8942015171051025       0.89436203    
   10.936934       1.8946039676666260       0.89536202    
   10.934234       1.8949707746505737       0.89636201    
   10.931533       1.8953218460083008       0.89736199    
   10.929732       1.8957204818725586       0.89836198    
   10.927032       1.8960773944854736       0.89936197    
   10.925231       1.8964635133743286       0.90036196    
   10.922530       1.8968026638031006       0.90136194    
   10.920730       1.8971894979476929       0.90236193    
   10.918029       1.8975318670272827       0.90336192    
   10.915328       1.8978837728500366       0.90436190    
   10.913527       1.8982696533203125       0.90536189    
   10.910827       1.8986085653305054       0.90636188    
   10.909026       1.8989914655685425       0.90736187    
   10.906325       1.8993287086486816       0.90836185    
   10.903625       1.8996651172637939       0.90936184    
   10.901824       1.9000359773635864       0.91036183    
   10.899123       1.9003711938858032       0.91136181    
   10.897323       1.9007335901260376       0.91236180    
   10.894622       1.9010627269744873       0.91336179    
   10.891921       1.9013811349868774       0.91436177    
   10.890121       1.9017450809478760       0.91536176    
   10.887420       1.9020699262619019       0.91636175    
   10.885619       1.9024226665496826       0.91736174    
   10.882918       1.9027384519577026       0.91836172    
   10.881118       1.9030896425247192       0.91936171    
   10.878417       1.9033948183059692       0.92036170    
   10.875716       1.9037067890167236       0.92136168    
   10.873916       1.9040576219558716       0.92236167    
   10.871215       1.9043630361557007       0.92336166    
   10.869414       1.9046990871429443       0.92436165    
   10.866714       1.9049990177154541       0.92536163    
   10.864913       1.9053357839584351       0.92636162    
   10.862212       1.9056271314620972       0.92736161    
   10.859511       1.9059220552444458       0.92836159    
   10.857711       1.9062552452087402       0.92936158    
   10.855010       1.9065442085266113       0.93036157    
   10.853209       1.9068707227706909       0.93136156    
   10.850509       1.9071527719497681       0.93236154    
   10.848708       1.9074760675430298       0.93336153    
   10.846007       1.9077528715133667       0.93436152    
   10.843307       1.9080362319946289       0.93536150    
   10.841506       1.9083503484725952       0.93636149    
   10.838805       1.9086310863494873       0.93736148    
   10.837005       1.9089435338973999       0.93836147    
   10.834304       1.9092122316360474       0.93936145    
   10.832503       1.9095156192779541       0.94036144    
   10.829803       1.9097886085510254       0.94136143    
   10.828002       1.9100840091705322       0.94236141    
   10.825301       1.9103502035140991       0.94336140    
   10.823501       1.9106475114822388       0.94436139    
   10.820800       1.9109084606170654       0.94536138    
   10.818099       1.9111645221710205       0.94636136    
   10.816298       1.9114581346511841       0.94736135    
   10.813598       1.9117126464843750       0.94836134    
   10.811797       1.9120076894760132       0.94936132    
   10.809096       1.9122470617294312       0.95036131    
   10.807296       1.9125372171401978       0.95136130    
   10.804595       1.9127849340438843       0.95236129    
   10.802794       1.9130641222000122       0.95336127    
   10.800094       1.9133039712905884       0.95436126    
   10.798293       1.9135912656784058       0.95536125    
   10.795592       1.9138168096542358       0.95636123    
   10.793792       1.9140994548797607       0.95736122    
   10.791091       1.9143356084823608       0.95836121    
   10.788390       1.9145606756210327       0.95936120    
   10.786590       1.9148263931274414       0.96036118    
   10.783889       1.9150598049163818       0.96136117    
   10.782088       1.9153267145156860       0.96236116    
   10.779387       1.9155459403991699       0.96336114    
   10.777587       1.9158066511154175       0.96436113    
   10.774886       1.9160308837890625       0.96536112    
   10.773086       1.9162859916687012       0.96636111    
   10.770385       1.9164998531341553       0.96736109    
   10.768584       1.9167571067810059       0.96836108    
   10.765883       1.9169677495956421       0.96936107    
   10.764083       1.9172210693359375       0.97036105    
   10.761382       1.9174312353134155       0.97136104    
   10.759582       1.9176775217056274       0.97236103    
   10.756881       1.9178788661956787       0.97336102    
   10.755080       1.9181270599365234       0.97436100    
   10.752379       1.9183285236358643       0.97536099    
   10.750579       1.9185682535171509       0.97636098    
   10.747878       1.9187699556350708       0.97736096    
   10.746078       1.9190058708190918       0.97836095    
   10.743377       1.9192011356353760       0.97936094    
   10.741576       1.9194327592849731       0.98036093    
   10.738875       1.9196288585662842       0.98136091    
   10.737075       1.9198597669601440       0.98236090    
   10.734374       1.9200459718704224       0.98336089    
   10.732574       1.9202742576599121       0.98436087    
   10.729873       1.9204645156860352       0.98536086    
   10.728072       1.9206839799880981       0.98636085    
   10.725371       1.9208623170852661       0.98736084    
   10.723571       1.9210879802703857       0.98836082    
   10.720870       1.9212603569030762       0.98936081    
   10.719069       1.9214774370193481       0.99036080    
   10.716369       1.9216516017913818       0.99136078    
   10.714568       1.9218664169311523       0.99236077    
   10.711867       1.9220384359359741       0.99336076    
   10.710067       1.9222524166107178       0.99436074    
   10.708266       1.9224542379379272       0.99536073    
   10.705565       1.9226238727569580       0.99636072    
   10.703765       1.9228277206420898       0.99736071    
   10.701064       1.9229899644851685       0.99836069    
   10.699264       1.9231946468353271       0.99936068    
   10.696563       1.9233529567718506        1.0003607    
   10.694762       1.9235560894012451        1.0013608    
   10.692061       1.9237147569656372        1.0023608    
   10.690261       1.9239069223403931        1.0033609    
   10.687560       1.9240570068359375        1.0043609    
   10.685760       1.9242559671401978        1.0053610    
   10.683059       1.9244065284729004        1.0063610    
   10.681258       1.9245961904525757        1.0073611    
   10.678557       1.9247477054595947        1.0083611    
   10.676757       1.9249235391616821        1.0093611    
   10.674056       1.9250814914703369        1.0103612    
   10.672256       1.9252597093582153        1.0113612    
   10.670455       1.9254423379898071        1.0123613    
   10.667754       1.9255837202072144        1.0133613    
   10.665954       1.9257627725601196        1.0143614    
   10.663253       1.9258941411972046        1.0153614    
   10.661452       1.9260748624801636        1.0163615    
   10.658751       1.9262100458145142        1.0173615    
   10.656951       1.9263807535171509        1.0183616    
   10.654250       1.9265096187591553        1.0193616    
   10.652450       1.9266822338104248        1.0203617    
   10.650649       1.9268351793289185        1.0213617    
   10.647948       1.9269456863403320        1.0223618    
   10.646148       1.9270849227905273        1.0233618    
   10.644347       1.9272369146347046        1.0243618    
   10.642547       1.9273852109909058        1.0253619    
   10.639846       1.9274920225143433        1.0263619    
   10.638045       1.9276455640792847        1.0273620    
   10.636245       1.9277963638305664        1.0283620    
   10.633544       1.9279060363769531        1.0293621    
   10.631743       1.9280546903610229        1.0303621    
   10.629943       1.9282022714614868        1.0313622    
   10.627242       1.9283033609390259        1.0323622    
   10.625442       1.9284499883651733        1.0333623    
   10.623641       1.9285962581634521        1.0343623    
   10.620940       1.9286923408508301        1.0353624    
   10.619140       1.9288008213043213        1.0363624    
   10.617339       1.9289025068283081        1.0373625    
   10.615539       1.9290045499801636        1.0383625    
   10.613738       1.9291303157806396        1.0393625    
   10.611938       1.9292492866516113        1.0403626    
   10.610137       1.9293676614761353        1.0413626    
   10.608336       1.9294836521148682        1.0423627    
   10.605636       1.9295659065246582        1.0433627    
   10.603835       1.9296838045120239        1.0443628    
   10.602035       1.9298000335693359        1.0453628    
   10.600234       1.9299226999282837        1.0463629    
   10.598433       1.9300339221954346        1.0473629    
   10.595733       1.9301160573959351        1.0483630    
   10.593932       1.9302291870117188        1.0493630    
   10.592132       1.9303436279296875        1.0503631    
   10.590331       1.9304486513137817        1.0513631    
   10.588531       1.9305408000946045        1.0523632    
   10.586730       1.9306150674819946        1.0533632    
   10.584929       1.9307128190994263        1.0543633    
   10.583129       1.9308081865310669        1.0553633    
   10.581328       1.9309024810791016        1.0563633    
   10.579528       1.9309862852096558        1.0573634    
   10.576827       1.9310419559478760        1.0583634    
   10.575027       1.9311434030532837        1.0593635    
   10.573226       1.9312412738800049        1.0603635    
   10.571425       1.9313308000564575        1.0613636    
   10.569625       1.9314237833023071        1.0623636    
   10.567824       1.9315153360366821        1.0633637    
   10.566024       1.9316118955612183        1.0643637    
   10.563323       1.9316675662994385        1.0653638    
   10.561522       1.9317594766616821        1.0663638    
   10.559722       1.9318444728851318        1.0673639    
   10.557921       1.9319226741790771        1.0683639    
   10.556121       1.9319884777069092        1.0693640    
   10.554320       1.9320566654205322        1.0703640    
   10.552520       1.9321253299713135        1.0713640    
   10.550719       1.9322044849395752        1.0723641    
   10.548919       1.9322767257690430        1.0733641    
   10.547118       1.9323531389236450        1.0743642    
   10.545318       1.9324189424514771        1.0753642    
   10.543517       1.9324921369552612        1.0763643    
   10.541717       1.9325683116912842        1.0773643    
   10.539916       1.9326381683349609        1.0783644    
   10.538116       1.9327070713043213        1.0793644    
   10.536315       1.9327752590179443        1.0803645    
   10.534514       1.9328478574752808        1.0813645    
   10.532714       1.9329234361648560        1.0823646    
   10.530913       1.9329884052276611        1.0833646    
   10.529113       1.9330555200576782        1.0843647    
   10.527312       1.9331189393997192        1.0853647    
   10.525512       1.9331651926040649        1.0863647    
   10.523711       1.9332114458084106        1.0873648    
   10.521911       1.9332612752914429        1.0883648    
   10.520110       1.9333122968673706        1.0893649    
   10.518310       1.9333672523498535        1.0903649    
   10.516509       1.9334200620651245        1.0913650    
   10.514709       1.9334750175476074        1.0923650    
   10.512908       1.9335266351699829        1.0933651    
   10.511107       1.9335685968399048        1.0943651    
   10.509307       1.9336241483688354        1.0953652    
   10.507506       1.9336764812469482        1.0963652    
   10.505706       1.9337266683578491        1.0973653    
   10.503905       1.9337772130966187        1.0983653    
   10.502105       1.9338268041610718        1.0993654    
   10.500304       1.9338696002960205        1.1003654    
   10.498504       1.9339199066162109        1.1013654    
   10.496703       1.9339607954025269        1.1023655    
   10.494903       1.9340045452117920        1.1033655    
   10.493102       1.9340338706970215        1.1043656    
   10.492202       1.9340884685516357        1.1053656    
   10.490401       1.9341124296188354        1.1063657    
   10.488601       1.9341520071029663        1.1073657    
   10.486800       1.9341918230056763        1.1083658    
   10.485000       1.9342283010482788        1.1093658    
   10.483199       1.9342632293701172        1.1103659    
   10.481399       1.9342938661575317        1.1113659    
   10.479598       1.9343354701995850        1.1123660    
   10.477798       1.9343670606613159        1.1133660    
   10.475997       1.9344000816345215        1.1143661    
   10.474196       1.9344370365142822        1.1153661    
   10.472396       1.9344614744186401        1.1163661    
   10.470595       1.9345005750656128        1.1173662    
   10.468795       1.9345285892486572        1.1183662    
   10.466994       1.9345614910125732        1.1193663    
   10.465194       1.9345880746841431        1.1203663    
   10.463393       1.9346190690994263        1.1213664    
   10.461593       1.9346328973770142        1.1223664    
   10.460692       1.9346847534179688        1.1233665    
   10.458892       1.9347062110900879        1.1243665    
   10.457091       1.9347212314605713        1.1253666    
   10.455291       1.9347362518310547        1.1263666    
   10.453490       1.9347549676895142        1.1273667    
   10.451690       1.9347703456878662        1.1283667    
   10.449889       1.9347910881042480        1.1293668    
   10.448089       1.9348057508468628        1.1303668    
   10.446288       1.9348270893096924        1.1313668    
   10.445388       1.9348779916763306        1.1323669    
   10.443587       1.9348884820938110        1.1333669    
   10.441787       1.9349099397659302        1.1343670    
   10.439986       1.9349169731140137        1.1353670    
   10.438186       1.9349339008331299        1.1363671    
   10.436385       1.9349457025527954        1.1373671    
   10.434585       1.9349563121795654        1.1383672    
   10.432784       1.9349691867828369        1.1393672    
   10.430984       1.9349807500839233        1.1403673    
   10.429183       1.9349883794784546        1.1413673    
   10.427382       1.9349920749664307        1.1423674    
   10.425582       1.9349873065948486        1.1433674    
   10.424682       1.9350217580795288        1.1443675    
   10.422881       1.9350260496139526        1.1453675    
   10.421081       1.9350291490554810        1.1463675    
   10.419280       1.9350308179855347        1.1473676    
   10.417480       1.9350266456604004        1.1483676    
   10.415679       1.9350292682647705        1.1493677    
   10.413878       1.9350268840789795        1.1503677    
   10.412078       1.9350233078002930        1.1513678    
   10.411178       1.9350585937500000        1.1523678    
   10.409377       1.9350613355636597        1.1533679    
   10.407577       1.9350516796112061        1.1543679    
   10.405776       1.9350498914718628        1.1553680    
   10.403975       1.9350498914718628        1.1563680    
   10.402175       1.9350444078445435        1.1573681    
   10.400374       1.9350327253341675        1.1583681    
   10.398574       1.9350224733352661        1.1593682    
   10.396773       1.9350210428237915        1.1603682    
   10.394973       1.9350041151046753        1.1613683    
   10.394073       1.9350374937057495        1.1623683    
   10.392272       1.9350143671035767        1.1633683    
   10.390471       1.9350005388259888        1.1643684    
   10.388671       1.9349818229675293        1.1653684    
   10.387771       1.9350013732910156        1.1663685    
   10.385970       1.9349869489669800        1.1673685    
   10.384170       1.9349703788757324        1.1683686    
   10.382369       1.9349534511566162        1.1693686    
   10.380569       1.9349364042282104        1.1703687    
   10.378768       1.9349216222763062        1.1713687    
   10.377868       1.9349361658096313        1.1723688    
   10.376067       1.9349141120910645        1.1733688    
   10.374267       1.9348958730697632        1.1743689    
   10.372466       1.9348717927932739        1.1753689    
   10.370666       1.9348514080047607        1.1763690    
   10.368865       1.9348298311233521        1.1773690    
   10.367965       1.9348399639129639        1.1783690    
   10.366164       1.9348232746124268        1.1793691    
   10.364364       1.9347923994064331        1.1803691    
   10.362563       1.9347606897354126        1.1813692    
   10.360763       1.9347391128540039        1.1823692    
   10.359862       1.9347444772720337        1.1833693    
   10.358062       1.9347124099731445        1.1843693    
   10.356261       1.9346846342086792        1.1853694    
   10.354461       1.9346581697463989        1.1863694    
   10.352660       1.9346299171447754        1.1873695    
   10.351760       1.9346368312835693        1.1883695    
   10.349959       1.9346024990081787        1.1893696    
   10.348159       1.9345684051513672        1.1903696    
   10.346358       1.9345368146896362        1.1913697    
   10.344558       1.9345018863677979        1.1923697    
   10.343657       1.9345041513442993        1.1933697    
   10.341857       1.9344700574874878        1.1943698    
   10.340056       1.9344352483749390        1.1953698    
   10.338256       1.9343971014022827        1.1963699    
   10.336455       1.9343637228012085        1.1973699    
   10.334655       1.9343292713165283        1.1983700    
   10.333755       1.9343247413635254        1.1993700    
   10.331954       1.9342867136001587        1.2003701    
   10.330153       1.9342550039291382        1.2013701    
   10.328353       1.9342032670974731        1.2023702    
   10.326552       1.9341629743576050        1.2033702    
   10.325652       1.9341572523117065        1.2043703    
   10.323852       1.9341160058975220        1.2053703    
   10.322051       1.9340749979019165        1.2063704    
   10.320251       1.9340285062789917        1.2073704    
   10.319350       1.9340215921401978        1.2083704    
   10.317550       1.9339739084243774        1.2093705    
   10.315749       1.9339278936386108        1.2103705    
   10.313949       1.9338841438293457        1.2113706    
   10.312148       1.9338357448577881        1.2123706    
   10.311248       1.9338288307189941        1.2133707    
   10.309447       1.9337786436080933        1.2143707    
   10.307647       1.9337295293807983        1.2153708    
   10.305846       1.9336816072463989        1.2163708    
   10.304046       1.9336287975311279        1.2173709    
   10.303145       1.9336147308349609        1.2183709    
   10.301345       1.9335601329803467        1.2193710    
   10.299544       1.9335141181945801        1.2203710    
   10.297744       1.9334611892700195        1.2213711    
   10.295943       1.9334067106246948        1.2223711    
   10.295043       1.9333866834640503        1.2233711    
   10.293242       1.9333304166793823        1.2243712    
   10.291442       1.9332753419876099        1.2253712    
   10.290542       1.9332562685012817        1.2263713    
   10.288741       1.9332016706466675        1.2273713    
   10.286941       1.9331446886062622        1.2283714    
   10.285140       1.9330803155899048        1.2293714    
   10.284240       1.9330576658248901        1.2303715    
   10.282439       1.9330031871795654        1.2313715    
   10.280639       1.9329425096511841        1.2323716    
   10.279738       1.9329169988632202        1.2333716    
   10.277938       1.9328497648239136        1.2343717    
   10.276137       1.9327906370162964        1.2353717    
   10.274337       1.9327322244644165        1.2363718    
   10.273437       1.9327061176300049        1.2373718    
   10.271636       1.9326403141021729        1.2383718    
   10.269835       1.9325768947601318        1.2393719    
   10.268935       1.9325487613677979        1.2403719    
   10.267135       1.9324872493743896        1.2413720    
   10.265334       1.9324136972427368        1.2423720    
   10.264434       1.9323846101760864        1.2433721    
   10.262633       1.9323155879974365        1.2443721    
   10.260833       1.9322485923767090        1.2453722    
   10.259933       1.9322172403335571        1.2463722    
   10.258132       1.9321556091308594        1.2473723    
   10.256331       1.9320789575576782        1.2483723    
   10.255431       1.9320501089096069        1.2493724    
   10.253631       1.9319807291030884        1.2503724    
   10.251830       1.9319068193435669        1.2513725    
   10.250030       1.9318454265594482        1.2523725    
   10.249129       1.9318023920059204        1.2533726    
   10.247329       1.9317299127578735        1.2543726    
   10.245528       1.9316562414169312        1.2553726    
   10.243728       1.9315865039825439        1.2563727    
   10.242827       1.9315491914749146        1.2573727    
   10.241027       1.9314737319946289        1.2583728    
   10.239226       1.9313948154449463        1.2593728    
   10.237426       1.9313163757324219        1.2603729    
   10.236526       1.9312775135040283        1.2613729    
   10.234725       1.9312058687210083        1.2623730    
   10.232924       1.9311280250549316        1.2633730    
   10.231124       1.9310506582260132        1.2643731    
   10.230224       1.9310090541839600        1.2653731    
   10.228423       1.9309204816818237        1.2663732    
   10.227523       1.9308843612670898        1.2673732    
   10.225722       1.9308013916015625        1.2683733    
   10.223922       1.9307239055633545        1.2693733    
   10.222121       1.9306389093399048        1.2703733    
   10.221221       1.9305959939956665        1.2713734    
   10.219420       1.9305162429809570        1.2723734    
   10.217620       1.9304295778274536        1.2733735    
   10.216720       1.9303828477859497        1.2743735    
   10.214919       1.9303036928176880        1.2753736    
   10.214019       1.9302536249160767        1.2763736    
   10.212218       1.9301661252975464        1.2773737    
   10.210418       1.9300781488418579        1.2783737    
   10.208617       1.9299972057342529        1.2793738    
   10.207717       1.9299471378326416        1.2803738    
   10.205916       1.9298595190048218        1.2813739    
   10.204116       1.9297735691070557        1.2823739    
   10.203216       1.9297225475311279        1.2833740    
   10.201415       1.9296344518661499        1.2843740    
   10.199615       1.9295451641082764        1.2853740    
   10.198714       1.9294934272766113        1.2863741    
   10.196914       1.9294070005416870        1.2873741    
   10.196013       1.9293534755706787        1.2883742    
   10.194213       1.9292643070220947        1.2893742    
   10.193313       1.9292097091674805        1.2903743    
   10.191512       1.9291203022003174        1.2913743    
   10.189712       1.9290293455123901        1.2923744    
   10.188811       1.9289680719375610        1.2933744    
   10.187011       1.9288775920867920        1.2943745    
   10.186110       1.9288243055343628        1.2953745    
   10.184310       1.9287297725677490        1.2963746    
   10.182509       1.9286389350891113        1.2973746    
   10.181609       1.9285807609558105        1.2983747    
   10.179809       1.9284851551055908        1.2993747    
   10.178008       1.9283887147903442        1.3003747    
   10.177108       1.9283251762390137        1.3013748    
   10.175307       1.9282264709472656        1.3023748    
   10.173507       1.9281305074691772        1.3033749    
   10.172606       1.9280625581741333        1.3043749    
   10.170806       1.9279686212539673        1.3053750    
   10.169005       1.9278665781021118        1.3063750    
   10.168105       1.9278090000152588        1.3073751    
   10.166305       1.9277102947235107        1.3083751    
   10.164504       1.9276043176651001        1.3093752    
   10.163604       1.9275490045547485        1.3103752    
   10.161803       1.9274445772171021        1.3113753    
   10.160903       1.9273806810379028        1.3123753    
   10.159102       1.9272741079330444        1.3133754    
   10.157302       1.9271767139434814        1.3143754    
   10.156402       1.9271094799041748        1.3153754    
   10.154601       1.9270087480545044        1.3163755    
   10.152801       1.9269064664840698        1.3173755    
   10.151900       1.9268324375152588        1.3183756    
   10.150100       1.9267334938049316        1.3193756    
   10.149199       1.9266648292541504        1.3203757    
   10.147399       1.9265549182891846        1.3213757    
   10.145598       1.9264547824859619        1.3223758    
   10.144698       1.9263849258422852        1.3233758    
   10.142898       1.9262754917144775        1.3243759    
   10.141097       1.9261683225631714        1.3253759    
   10.140197       1.9261012077331543        1.3263760    
   10.138396       1.9259887933731079        1.3273760    
   10.137496       1.9259098768234253        1.3283761    
   10.135695       1.9258096218109131        1.3293761    
   10.134795       1.9257400035858154        1.3303761    
   10.132995       1.9256348609924316        1.3313762    
   10.131194       1.9255244731903076        1.3323762    
   10.130294       1.9254534244537354        1.3333763    
   10.128493       1.9253401756286621        1.3343763    
   10.127593       1.9252668619155884        1.3353764    
   10.125793       1.9251607656478882        1.3363764    
   10.124892       1.9250806570053101        1.3373765    
   10.123092       1.9249728918075562        1.3383765    
   10.122191       1.9248961210250854        1.3393766    
   10.120391       1.9247863292694092        1.3403766    
   10.118590       1.9246745109558105        1.3413767    
   10.117690       1.9245980978012085        1.3423767    
   10.115890       1.9244863986968994        1.3433768    
   10.114989       1.9244083166122437        1.3443768    
   10.113189       1.9242967367172241        1.3453768    
   10.112288       1.9242260456085205        1.3463769    
   10.110488       1.9241046905517578        1.3473769    
   10.109588       1.9240217208862305        1.3483770    
   10.107787       1.9239090681076050        1.3493770    
   10.105987       1.9237962961196899        1.3503771    
   10.105086       1.9237117767333984        1.3513771    
   10.103286       1.9236009120941162        1.3523772    
   10.102386       1.9235143661499023        1.3533772    
   10.100585       1.9233964681625366        1.3543773    
   10.099685       1.9233196973800659        1.3553773    
   10.097884       1.9232002496719360        1.3563774    
   10.096984       1.9231141805648804        1.3573774    
   10.095183       1.9229983091354370        1.3583775    
   10.094283       1.9229100942611694        1.3593775    
   10.092483       1.9227904081344604        1.3603776    
   10.091582       1.9227162599563599        1.3613776    
   10.089782       1.9225935935974121        1.3623776    
   10.088881       1.9225096702575684        1.3633777    
   10.087081       1.9223883152008057        1.3643777    
   10.085280       1.9222650527954102        1.3653778    
   10.084380       1.9221837520599365        1.3663778    
   10.082580       1.9220589399337769        1.3673779    
   10.081679       1.9219733476638794        1.3683779    
   10.079879       1.9218486547470093        1.3693780    
   10.078979       1.9217630624771118        1.3703780    
   10.077178       1.9216407537460327        1.3713781    
   10.076278       1.9215610027313232        1.3723781    
   10.075377       1.9214794635772705        1.3733782    
   10.073577       1.9213581085205078        1.3743782    
   10.072677       1.9212738275527954        1.3753783    
   10.070876       1.9211564064025879        1.3763783    
   10.069976       1.9210712909698486        1.3773783    
   10.069076       1.9209855794906616        1.3783784    
   10.067275       1.9208621978759766        1.3793784    
   10.066375       1.9207760095596313        1.3803785    
   10.064574       1.9206546545028687        1.3813785    
   10.063674       1.9205663204193115        1.3823786    
   10.062774       1.9204850196838379        1.3833786    
   10.060973       1.9203637838363647        1.3843787    
   10.060073       1.9202818870544434        1.3853787    
   10.059173       1.9201960563659668        1.3863788    
   10.058272       1.9201101064682007        1.3873788    
   10.056472       1.9199792146682739        1.3883789    
   10.055572       1.9198936223983765        1.3893789    
   10.053771       1.9197651147842407        1.3903790    
   10.052871       1.9196749925613403        1.3913790    
   10.051070       1.9195464849472046        1.3923790    
   10.050170       1.9194601774215698        1.3933791    
   10.049270       1.9193698167800903        1.3943791    
   10.047469       1.9192478656768799        1.3953792    
   10.046569       1.9191559553146362        1.3963792    
   10.045669       1.9190688133239746        1.3973793    
   10.043868       1.9189413785934448        1.3983793    
   10.042968       1.9188513755798340        1.3993794    
   10.042068       1.9187594652175903        1.4003794    
   10.040267       1.9186300039291382        1.4013795    
   10.039367       1.9185384511947632        1.4023795    
   10.038466       1.9184496402740479        1.4033796    
   10.036666       1.9183230400085449        1.4043796    
   10.035766       1.9182295799255371        1.4053797    
   10.034865       1.9181429147720337        1.4063797    
   10.033065       1.9180138111114502        1.4073797    
   10.032165       1.9179255962371826        1.4083798    
   10.031264       1.9178391695022583        1.4093798    
   10.029464       1.9177057743072510        1.4103799    
   10.028563       1.9176166057586670        1.4113799    
   10.027663       1.9175258874893188        1.4123800    
   10.026763       1.9174265861511230        1.4133800    
   10.025863       1.9173482656478882        1.4143801    
   10.024962       1.9172664880752563        1.4153801    
   10.023162       1.9171538352966309        1.4163802    
   10.022262       1.9170687198638916        1.4173802    
   10.021361       1.9169884920120239        1.4183803    
   10.020461       1.9169070720672607        1.4193803    
   10.019561       1.9168189764022827        1.4203804    
   10.018661       1.9167286157608032        1.4213804    
   10.017760       1.9166373014450073        1.4223804    
   10.016860       1.9165407419204712        1.4233805    
   10.015059       1.9164159297943115        1.4243805    
   10.014159       1.9163224697113037        1.4253806    
   10.013259       1.9162206649780273        1.4263806    
   10.012359       1.9161324501037598        1.4273807    
   10.010558       1.9160048961639404        1.4283807    
   10.009658       1.9159077405929565        1.4293808    
   10.008758       1.9158145189285278        1.4303808    
   10.007857       1.9157229661941528        1.4313809    
   10.006957       1.9156258106231689        1.4323809    
   10.005157       1.9155083894729614        1.4333810    
   10.004256       1.9154162406921387        1.4343810    
   10.003356       1.9153319597244263        1.4353811    
   10.002456       1.9152450561523438        1.4363811    
   10.001555       1.9151577949523926        1.4373811    
   10.000655       1.9150631427764893        1.4383812    
   9.9997549       1.9149769544601440        1.4393812    
   9.9988546       1.9148895740509033        1.4403813    
   9.9979544       1.9148043394088745        1.4413813    
   9.9970541       1.9147226810455322        1.4423814    
   9.9961538       1.9146314859390259        1.4433814    
   9.9952536       1.9145474433898926        1.4443815    
   9.9943533       1.9144734144210815        1.4453815    
   9.9934530       1.9143954515457153        1.4463816    
   9.9934530       1.9143546819686890        1.4473816    
   9.9925528       1.9142714738845825        1.4483817    
   9.9916525       1.9141801595687866        1.4493817    
   9.9907522       1.9140881299972534        1.4503818    
   9.9889517       1.9139666557312012        1.4513818    
   9.9889517       1.9139142036437988        1.4523818    
   9.9880514       1.9138288497924805        1.4533819    
   9.9871511       1.9137450456619263        1.4543819    
   9.9862509       1.9136682748794556        1.4553820    
   9.9853506       1.9135810136795044        1.4563820    
   9.9844503       1.9134993553161621        1.4573821    
   9.9835501       1.9134171009063721        1.4583821    
   9.9826498       1.9133269786834717        1.4593822    
   9.9817495       1.9132447242736816        1.4603822    
   9.9808493       1.9131660461425781        1.4613823    
   9.9808493       1.9131217002868652        1.4623823    
   9.9799490       1.9130340814590454        1.4633824    
   9.9790487       1.9129564762115479        1.4643824    
   9.9781485       1.9128835201263428        1.4653825    
   9.9781485       1.9128516912460327        1.4663825    
   9.9772482       1.9127824306488037        1.4673826    
   9.9772482       1.9127624034881592        1.4683826    
   9.9763479       1.9126979112625122        1.4693826    
   9.9763479       1.9126657247543335        1.4703827    
   9.9754477       1.9125933647155762        1.4713827    
   9.9745474       1.9125114679336548        1.4723828    
   9.9736471       1.9124323129653931        1.4733828    
   9.9736471       1.9123897552490234        1.4743829    
   9.9727468       1.9123214483261108        1.4753829    
   9.9718466       1.9122440814971924        1.4763830    
   9.9718466       1.9122073650360107        1.4773830    
   9.9709463       1.9121412038803101        1.4783831    
   9.9709463       1.9121050834655762        1.4793831    
   9.9700460       1.9120374917984009        1.4803832    
