   4.6746283      1.43550140783190727E-002  4.73656356E-02
   4.7907014      1.55599480494856834E-002  4.83656339E-02
   4.8977766      1.67450532317161560E-002  4.93656322E-02
   4.9994531      1.79364923387765884E-002  5.03656305E-02
   5.0966306      1.91397406160831451E-002  5.13656288E-02
   5.1893091      2.03528478741645813E-002  5.23656271E-02
   5.2801881      2.16029565781354904E-002  5.33656254E-02
   5.3692675      2.28914730250835419E-002  5.43656237E-02
   5.4574471      2.42292247712612152E-002  5.53656220E-02
   5.5438271      2.56057158112525940E-002  5.63656203E-02
   5.6284075      2.70196329802274704E-002  5.73656186E-02
   5.7111883      2.84693241119384766E-002  5.83656169E-02
   5.7921696      2.99530606716871262E-002  5.93656152E-02
   5.8713512      3.14690843224525452E-002  6.03656135E-02
   5.9487333      3.30158397555351257E-002  6.13656119E-02
   6.0252156      3.46048362553119659E-002  6.23656102E-02
   6.0998983      3.62228341400623322E-002  6.33656085E-02
   6.1727815      3.78689765930175781E-002  6.43656105E-02
   6.2447648      3.95556241273880005E-002  6.53656125E-02
   6.3149486      4.12687100470066071E-002  6.63656145E-02
   6.3851323      4.30353023111820221E-002  6.73656166E-02
   6.4526167      4.48131561279296875E-002  6.83656186E-02
   6.5201011      4.66440394520759583E-002  6.93656206E-02
   6.5866857      4.85134832561016083E-002  7.03656226E-02
   6.6514707      5.04061542451381683E-002  7.13656247E-02
   6.7153559      5.23352362215518951E-002  7.23656267E-02
   6.7783413      5.43001741170883179E-002  7.33656287E-02
   6.8404269      5.62997609376907349E-002  7.43656307E-02
   6.9016128      5.83330355584621429E-002  7.53656328E-02
   6.9618988      6.03994205594062805E-002  7.63656348E-02
   7.0212851      6.24985359609127045E-002  7.73656368E-02
   7.0797715      6.46301880478858948E-002  7.83656389E-02
   7.1373582      6.67937994003295898E-002  7.93656409E-02
   7.1940451      6.89891427755355835E-002  8.03656429E-02
   7.2498322      7.12157338857650757E-002  8.13656449E-02
   7.3056192      7.34913423657417297E-002  8.23656470E-02
   7.3596067      7.57794454693794250E-002  8.33656490E-02
   7.4135942      7.81159028410911560E-002  8.43656510E-02
   7.4666820      8.04813876748085022E-002  8.53656530E-02
   7.5197697      8.28950852155685425E-002  8.63656551E-02
   7.5710578      8.53170305490493774E-002  8.73656571E-02
   7.6223459      8.77854079008102417E-002  8.83656591E-02
   7.6727343      9.02810692787170410E-002  8.93656611E-02
   7.7231226      9.28224995732307434E-002  9.03656632E-02
   7.7726111      9.53905433416366577E-002  9.13656652E-02
   7.8211999      9.79828611016273499E-002  9.23656672E-02
   7.8688889      0.10059844702482224       9.33656693E-02
   7.9165778      0.10325852036476135       9.43656713E-02
   7.9633670      0.10594003647565842       9.53656733E-02
   8.0101614      0.10866635292768478       9.63656753E-02
   8.0560751      0.11141629517078400       9.73656774E-02
   8.1010885      0.11418998241424561       9.83656794E-02
   8.1461020      0.11700977385044098       9.93656814E-02
   8.1902151      0.11985132098197937       0.10036568    
   8.2343283      0.12273640185594559       0.10136569    
   8.2784414      0.12566329538822174       0.10236569    
   8.3207541      0.12858471274375916       0.10336569    
   8.3630667      0.13154751062393188       0.10436569    
   8.4053793      0.13455042243003845       0.10536569    
   8.4467916      0.13757203519344330       0.10636570    
   8.4882040      0.14063651859760284       0.10736570    
   8.5287161      0.14372010529041290       0.10836570    
   8.5692282      0.14684635400772095       0.10936570    
   8.6088400      0.14998717606067657       0.11036570    
   8.6484518      0.15316644310951233       0.11136571    
   8.6871634      0.15635870397090912       0.11236571    
   8.7258749      0.15959291160106659       0.11336571    
   8.7645864      0.16287024319171906       0.11436571    
   8.8023977      0.16616508364677429       0.11536571    
   8.8402090      0.16950133442878723       0.11636572    
   8.8771200      0.17284987866878510       0.11736572    
   8.9140310      0.17623583972454071       0.11836572    
   8.9509420      0.17965880036354065       0.11936572    
   8.9869528      0.18308812379837036       0.12036572    
   9.0220633      0.18652467429637909       0.12136573    
   9.0580740      0.19003012776374817       0.12236573    
   9.0922842      0.19352108240127563       0.12336573    
   9.1273947      0.19707965850830078       0.12436573    
   9.1616049      0.20064978301525116       0.12536573    
   9.1958151      0.20425876975059509       0.12636574    
   9.2300253      0.20790483057498932       0.12736574    
   9.2633352      0.21156080067157745       0.12836574    
   9.2966452      0.21525345742702484       0.12936574    
   9.3299551      0.21898129582405090       0.13036574    
   9.3623648      0.22270995378494263       0.13136575    
   9.3947744      0.22647178173065186       0.13236575    
   9.4262838      0.23024271428585052       0.13336575    
   9.4577932      0.23405668139457703       0.13436575    
   9.4893026      0.23790615797042847       0.13536575    
   9.5208120      0.24178536236286163       0.13636576    
   9.5514212      0.24566428363323212       0.13736576    
   9.5820303      0.24958573281764984       0.13836576    
   9.6126394      0.25355666875839233       0.13936576    
   9.6432486      0.25756612420082092       0.14036576    
   9.6729574      0.26156058907508850       0.14136577    
   9.7026663      0.26556223630905151       0.14236577    
   9.7314749      0.26954439282417297       0.14336577    
   9.7593832      0.27351164817810059       0.14436577    
   9.7881918      0.27753454446792603       0.14536577    
   9.8161001      0.28154677152633667       0.14636578    
   9.8431082      0.28554850816726685       0.14736578    
   9.8701162      0.28956755995750427       0.14836578    
   9.8971243      0.29360729455947876       0.14936578    
   9.9241323      0.29767516255378723       0.15036578    
   9.9502401      0.30174705386161804       0.15136579    
   9.9763479      0.30585607886314392       0.15236579    
   10.002456      0.30998918414115906       0.15336579    
   10.028563      0.31413641571998596       0.15436579    
   10.053771      0.31826663017272949       0.15536579    
   10.078979      0.32242357730865479       0.15636580    
   10.104186      0.32661655545234680       0.15736580    
   10.128493      0.33080813288688660       0.15836580    
   10.153701      0.33507218956947327       0.15936580    
   10.178008      0.33932515978813171       0.16036581    
   10.202315      0.34359335899353027       0.16136581    
   10.225722      0.34784170985221863       0.16236581    
   10.249129      0.35211256146430969       0.16336581    
   10.273437      0.35644704103469849       0.16436581    
   10.295943      0.36074349284172058       0.16536582    
   10.319350      0.36511433124542236       0.16636582    
   10.342757      0.36951354146003723       0.16736582    
   10.365264      0.37389615178108215       0.16836582    
   10.387771      0.37830701470375061       0.16936582    
   10.410277      0.38274717330932617       0.17036583    
   10.432784      0.38722097873687744       0.17136583    
   10.455291      0.39173269271850586       0.17236583    
   10.476897      0.39623957872390747       0.17336583    
   10.498504      0.40077474713325500       0.17436583    
   10.521010      0.40537482500076294       0.17536584    
   10.542617      0.40996628999710083       0.17636584    
   10.563323      0.41454499959945679       0.17736584    
   10.584929      0.41917964816093445       0.17836584    
   10.605636      0.42379173636436462       0.17936584    
   10.626342      0.42844536900520325       0.18036585    
   10.647948      0.43319573998451233       0.18136585    
   10.668654      0.43794703483581543       0.18236585    
   10.689361      0.44270440936088562       0.18336585    
   10.709167      0.44742718338966370       0.18436585    
   10.729873      0.45221784710884094       0.18536586    
   10.749679      0.45701882243156433       0.18636586    
   10.769485      0.46187305450439453       0.18736586    
   10.790191      0.46679887175559998       0.18836586    
   10.809096      0.47164005041122437       0.18936586    
   10.828902      0.47653153538703918       0.19036587    
   10.848708      0.48148232698440552       0.19136587    
   10.867614      0.48646503686904907       0.19236587    
   10.887420      0.49151214957237244       0.19336587    
   10.906325      0.49649032950401306       0.19436587    
   10.925231      0.50141251087188721       0.19536588    
   10.943236      0.50627547502517700       0.19636588    
   10.961242      0.51122933626174927       0.19736588    
   10.980147      0.51641142368316650       0.19836588    
   10.999953      0.52179461717605591       0.19936588    
   11.018859      0.52715629339218140       0.20036589    
   11.037765      0.53245818614959717       0.20136589    
   11.056670      0.53773558139801025       0.20236589    
   11.074676      0.54298114776611328       0.20336589    
   11.092681      0.54825335741043091       0.20436589    
   11.110686      0.55358582735061646       0.20536590    
   11.128692      0.55900567770004272       0.20636590    
   11.146697      0.56447756290435791       0.20736590    
   11.164702      0.56993490457534790       0.20836590    
   11.182708      0.57539874315261841       0.20936590    
   11.199813      0.58088707923889160       0.21036591    
   11.217818      0.58651322126388550       0.21136591    
   11.235824      0.59220874309539795       0.21236591    
   11.253829      0.59790813922882080       0.21336591    
   11.270934      0.60354059934616089       0.21436591    
   11.288039      0.60919678211212158       0.21536592    
   11.306045      0.61500680446624756       0.21636592    
   11.323150      0.62091994285583496       0.21736592    
   11.341155      0.62699365615844727       0.21836592    
   11.359160      0.63307476043701172       0.21936592    
   11.376266      0.63905000686645508       0.22036593    
   11.393371      0.64497196674346924       0.22136593    
   11.410476      0.65092182159423828       0.22236593    
   11.426681      0.65695196390151978       0.22336593    
   11.444686      0.66321319341659546       0.22436593    
   11.461791      0.66946321725845337       0.22536594    
   11.477996      0.67557072639465332       0.22636594    
   11.494201      0.68163812160491943       0.22736594    
   11.511306      0.68782746791839600       0.22836594    
   11.527511      0.69404733180999756       0.22936594    
   11.543715      0.70039445161819458       0.23036595    
   11.560821      0.70702886581420898       0.23136595    
   11.578826      0.71380585432052612       0.23236595    
   11.595031      0.72031217813491821       0.23336595    
   11.611236      0.72670465707778931       0.23436595    
   11.627440      0.73318076133728027       0.23536596    
   11.643645      0.73977929353713989       0.23636596    
   11.659850      0.74644088745117188       0.23736596    
   11.676055      0.75318402051925659       0.23836596    
   11.692260      0.76024156808853149       0.23936597    
   11.710265      0.76770091056823730       0.24036597    
   11.727370      0.77493470907211304       0.24136597    
   11.742675      0.78174865245819092       0.24236597    
   11.758880      0.78867185115814209       0.24336597    
   11.775084      0.79584437608718872       0.24436598    
   11.791289      0.80305260419845581       0.24536598    
   11.806594      0.80981630086898804       0.24636598    
   11.820098      0.81605231761932373       0.24736598    
   11.833602      0.82211416959762573       0.24836598    
   11.845305      0.82778835296630859       0.24936599    
   11.856109      0.83285093307495117       0.25036597    
   11.866012      0.83747863769531250       0.25136596    
   11.875915      0.84217435121536255       0.25236595    
   11.886718      0.84719491004943848       0.25336593    
   11.897521      0.85240101814270020       0.25436592    
   11.908324      0.85762345790863037       0.25536591    
   11.919127      0.86274302005767822       0.25636590    
   11.928130      0.86757487058639526       0.25736588    
   11.938033      0.87228310108184814       0.25836587    
   11.947036      0.87683582305908203       0.25936586    
   11.956038      0.88136428594589233       0.26036584    
   11.965041      0.88590884208679199       0.26136583    
   11.974044      0.89052385091781616       0.26236582    
   11.982146      0.89512676000595093       0.26336581    
   11.991149      0.89977031946182251       0.26436579    
   12.000152      0.90437543392181396       0.26536578    
   12.008254      0.90897881984710693       0.26636577    
   12.017257      0.91376751661300659       0.26736575    
   12.026259      0.91863214969635010       0.26836574    
   12.034362      0.92335444688796997       0.26936573    
   12.042464      0.92790657281875610       0.27036572    
   12.050567      0.93239331245422363       0.27136570    
   12.058669      0.93693399429321289       0.27236569    
   12.066772      0.94157278537750244       0.27336568    
   12.074874      0.94625794887542725       0.27436566    
   12.082076      0.95089685916900635       0.27536565    
   12.090178      0.95562058687210083       0.27636564    
   12.098281      0.96042454242706299       0.27736562    
   12.106383      0.96532148122787476       0.27836561    
   12.114486      0.97027719020843506       0.27936560    
   12.122588      0.97525322437286377       0.28036559    
   12.129790      0.98012113571166992       0.28136557    
   12.137893      0.98500531911849976       0.28236556    
   12.145095      0.98987066745758057       0.28336555    
   12.153197      0.99496394395828247       0.28436553    
   12.160399       1.0001990795135498       0.28536552    
   12.168502       1.0055971145629883       0.28636551    
   12.176604       1.0110120773315430       0.28736550    
   12.184707       1.0163854360580444       0.28836548    
   12.191909       1.0215981006622314       0.28936547    
   12.199111       1.0267014503479004       0.29036546    
   12.206313       1.0316917896270752       0.29136544    
   12.212615       1.0365805625915527       0.29236543    
   12.219817       1.0415470600128174       0.29336542    
   12.227019       1.0465505123138428       0.29436541    
   12.233321       1.0515447854995728       0.29536539    
   12.239623       1.0565516948699951       0.29636538    
   12.246825       1.0616325139999390       0.29736537    
   12.253127       1.0666744709014893       0.29836535    
   12.259429       1.0717258453369141       0.29936534    
   12.265731       1.0767898559570313       0.30036533    
   12.272033       1.0818444490432739       0.30136532    
   12.278335       1.0868761539459229       0.30236530    
   12.284636       1.0918554067611694       0.30336529    
   12.290038       1.0967582464218140       0.30436528    
   12.296340       1.1017251014709473       0.30536526    
   12.301742       1.1067558526992798       0.30636525    
   12.308043       1.1120632886886597       0.30736524    
   12.314345       1.1175783872604370       0.30836523    
   12.320647       1.1231824159622192       0.30936521    
   12.326949       1.1288089752197266       0.31036520    
   12.333251       1.1344395875930786       0.31136519    
   12.339553       1.1400988101959229       0.31236517    
   12.344954       1.1457334756851196       0.31336516    
   12.351256       1.1515190601348877       0.31436515    
   12.357558       1.1576076745986938       0.31536514    
   12.363860       1.1639360189437866       0.31636512    
   12.370162       1.1701420545578003       0.31736511    
   12.375564       1.1759066581726074       0.31836510    
   12.381866       1.1815850734710693       0.31936508    
   12.387267       1.1872891187667847       0.32036507    
   12.392669       1.1930639743804932       0.32136506    
   12.398070       1.1988621950149536       0.32236505    
   12.403472       1.2046644687652588       0.32336503    
   12.408874       1.2104777097702026       0.32436502    
   12.414275       1.2163285017013550       0.32536501    
   12.418777       1.2221417427062988       0.32636499    
   12.424178       1.2279975414276123       0.32736498    
   12.429580       1.2338761091232300       0.32836497    
   12.434081       1.2396808862686157       0.32936496    
   12.439483       1.2455084323883057       0.33036494    
   12.443984       1.2512155771255493       0.33136493    
   12.448485       1.2568235397338867       0.33236492    
   12.452987       1.2624840736389160       0.33336490    
   12.457488       1.2684650421142578       0.33436489    
   12.462890       1.2748918533325195       0.33536488    
   12.467391       1.2814649343490601       0.33636487    
   12.472793       1.2880955934524536       0.33736485    
   12.477294       1.2947291135787964       0.33836484    
   12.482696       1.3014965057373047       0.33936483    
   12.487197       1.3083112239837646       0.34036481    
   12.492599       1.3152658939361572       0.34136480    
   12.497100       1.3223023414611816       0.34236479    
   12.502501       1.3295124769210815       0.34336478    
   12.507003       1.3368625640869141       0.34436476    
   12.512404       1.3446279764175415       0.34536475    
   12.516906       1.3524396419525146       0.34636474    
   12.521407       1.3596668243408203       0.34736472    
   12.525908       1.3662991523742676       0.34836471    
   12.530410       1.3729028701782227       0.34936470    
   12.534011       1.3796272277832031       0.35036469    
   12.538512       1.3864573240280151       0.35136467    
   12.542113       1.3932303190231323       0.35236466    
   12.546615       1.4000874757766724       0.35336465    
   12.550216       1.4069555997848511       0.35436463    
   12.553817       1.4138524532318115       0.35536462    
   12.557418       1.4207975864410400       0.35636461    
   12.561919       1.4278126955032349       0.35736459    
   12.565520       1.4348542690277100       0.35836458    
   12.569121       1.4419296979904175       0.35936457    
   12.572722       1.4490487575531006       0.36036456    
   12.576324       1.4562358856201172       0.36136454    
   12.579925       1.4634093046188354       0.36236453    
   12.583526       1.4706480503082275       0.36336452    
   12.586226       1.4778635501861572       0.36436450    
   12.589828       1.4851750135421753       0.36536449    
   12.593429       1.4925075769424438       0.36636448    
   12.596129       1.4998236894607544       0.36736447    
   12.599730       1.5071674585342407       0.36836445    
   12.602431       1.5143296718597412       0.36936444    
   12.605132       1.5212763547897339       0.37036443    
   12.607833       1.5280851125717163       0.37136441    
   12.611434       1.5353845357894897       0.37236440    
   12.614135       1.5434447526931763       0.37336439    
   12.616836       1.5518993139266968       0.37436438    
   12.620437       1.5600746870040894       0.37536436    
   12.623137       1.5675574541091919       0.37636435    
   12.624938       1.5746846199035645       0.37736434    
   12.627639       1.5819194316864014       0.37836432    
   12.629439       1.5891680717468262       0.37936431    
   12.632140       1.5965170860290527       0.38036430    
   12.633941       1.6038134098052979       0.38136429    
   12.636642       1.6112182140350342       0.38236427    
   12.638442       1.6185628175735474       0.38336426    
   12.640243       1.6259467601776123       0.38436425    
   12.642043       1.6333575248718262       0.38536423    
   12.643844       1.6408244371414185       0.38636422    
   12.645644       1.6483042240142822       0.38736421    
   12.647445       1.6558097600936890       0.38836420    
   12.649245       1.6633584499359131       0.38936418    
   12.651046       1.6709287166595459       0.39036417    
   12.652846       1.6785515546798706       0.39136416    
   12.653747       1.6861438751220703       0.39236414    
   12.655547       1.6938259601593018       0.39336413    
   12.656447       1.7014758586883545       0.39436412    
   12.657348       1.7091689109802246       0.39536411    
   12.659148       1.7169605493545532       0.39636409    
   12.660048       1.7247289419174194       0.39736408    
   12.660949       1.7325446605682373       0.39836407    
   12.661849       1.7403900623321533       0.39936405    
   12.662749       1.7482953071594238       0.40036404    
   12.663650       1.7562355995178223       0.40136403    
   12.663650       1.7641612291336060       0.40236402    
   12.664550       1.7722055912017822       0.40336400    
   12.665450       1.7802951335906982       0.40436399    
   12.665450       1.7883955240249634       0.40536398    
   12.665450       1.7965494394302368       0.40636396    
   12.666350       1.8048305511474609       0.40736395    
   12.666350       1.8131479024887085       0.40836394    
   12.666350       1.8215521574020386       0.40936393    
   12.666350       1.8300604820251465       0.41036391    
   12.665450       1.8386241197586060       0.41136390    
   12.665450       1.8474079370498657       0.41236389    
   12.665450       1.8564170598983765       0.41336387    
   12.664550       1.8655695915222168       0.41436386    
   12.663650       1.8752219676971436       0.41536385    
   12.662749       1.8856031894683838       0.41636384    
   12.661849       1.8948420286178589       0.41736382    
   12.660949       1.9022117853164673       0.41836381    
   12.660048       1.9093542098999023       0.41936380    
   12.659148       1.9167604446411133       0.42036378    
   12.658248       1.9240834712982178       0.42136377    
   12.657348       1.9313765764236450       0.42236376    
   12.655547       1.9386285543441772       0.42336375    
   12.654647       1.9459352493286133       0.42436373    
   12.652846       1.9531683921813965       0.42536372    
   12.651046       1.9603999853134155       0.42636371    
   12.649245       1.9676210880279541       0.42736369    
   12.647445       1.9748221635818481       0.42836368    
   12.645644       1.9820190668106079       0.42936367    
   12.643844       1.9891791343688965       0.43036366    
   12.642043       1.9963207244873047       0.43136364    
   12.640243       2.0034306049346924       0.43236363    
   12.637542       2.0104641914367676       0.43336362    
   12.635741       2.0175213813781738       0.43436360    
   12.633040       2.0244243144989014       0.43536359    
   12.630340       2.0312001705169678       0.43636358    
   12.627639       2.0379247665405273       0.43736356    
   12.625838       2.0443098545074463       0.43836355    
   12.623137       2.0498137474060059       0.43936354    
   12.620437       2.0554237365722656       0.44036353    
   12.617736       2.0625793933868408       0.44136351    
   12.614135       2.0707547664642334       0.44236350    
   12.609633       2.0786838531494141       0.44336349    
   12.606032       2.0860326290130615       0.44436347    
   12.602431       2.0928750038146973       0.44536346    
   12.598830       2.0995688438415527       0.44636345    
   12.595229       2.1062624454498291       0.44736344    
   12.591628       2.1129546165466309       0.44836342    
   12.587127       2.1195981502532959       0.44936341    
   12.583526       2.1262803077697754       0.45036340    
   12.579024       2.1329052448272705       0.45136338    
   12.574523       2.1395378112792969       0.45236337    
   12.570022       2.1461534500122070       0.45336336    
   12.565520       2.1527569293975830       0.45436335    
   12.561019       2.1593728065490723       0.45536333    
   12.555617       2.1659250259399414       0.45636332    
   12.551116       2.1725668907165527       0.45736331    
   12.545714       2.1791431903839111       0.45836329    
   12.540313       2.1857340335845947       0.45936328    
   12.534011       2.1922824382781982       0.46036327    
   12.528609       2.1989011764526367       0.46136326    
   12.522307       2.2055122852325439       0.46236324    
   12.516906       2.2122089862823486       0.46336323    
   12.509704       2.2188766002655029       0.46436322    
   12.503402       2.2256636619567871       0.46536320    
   12.496200       2.2324595451354980       0.46636319    
   12.488997       2.2394044399261475       0.46736318    
   12.481795       2.2465851306915283       0.46836317    
   12.473693       2.2535920143127441       0.46936315    
   12.466491       2.2596688270568848       0.47036314    
   12.460189       2.2647273540496826       0.47136313    
   12.454787       2.2696192264556885       0.47236311    
   12.448485       2.2745351791381836       0.47336310    
   12.442183       2.2793684005737305       0.47436309    
   12.435882       2.2841818332672119       0.47536308    
   12.429580       2.2889409065246582       0.47636306    
   12.423278       2.2936711311340332       0.47736305    
   12.416976       2.2983372211456299       0.47836304    
   12.409774       2.3029463291168213       0.47936302    
   12.403472       2.3075463771820068       0.48036301    
   12.396270       2.3120555877685547       0.48136300    
   12.389968       2.3165607452392578       0.48236299    
   12.382766       2.3209829330444336       0.48336297    
   12.375564       2.3253693580627441       0.48436296    
   12.368361       2.3297011852264404       0.48536295    
   12.361159       2.3340046405792236       0.48636293    
   12.353057       2.3382062911987305       0.48736292    
   12.345855       2.3424203395843506       0.48836291    
   12.338653       2.3465893268585205       0.48936290    
   12.330550       2.3506500720977783       0.49036288    
   12.322448       2.3546862602233887       0.49136287    
   12.315246       2.3587217330932617       0.49236286    
   12.307143       2.3626663684844971       0.49336284    
   12.299041       2.3665654659271240       0.49436283    
   12.290938       2.3704299926757813       0.49536282    
   12.281936       2.3741762638092041       0.49636281    
   12.273833       2.3779470920562744       0.49736279    
   12.264831       2.3816318511962891       0.49836278    
   12.256728       2.3853111267089844       0.49936277    
   12.247725       2.3888912200927734       0.50036275    
   12.238723       2.3924276828765869       0.50136274    
   12.229720       2.3959329128265381       0.50236273    
   12.220717       2.3993811607360840       0.50336272    
   12.211715       2.4027886390686035       0.50436270    
   12.201812       2.4061045646667480       0.50536269    
   12.192809       2.4094274044036865       0.50636268    
   12.182906       2.4126605987548828       0.50736266    
   12.173003       2.4158451557159424       0.50836265    
   12.163100       2.4189784526824951       0.50936264    
   12.153197       2.4220950603485107       0.51036263    
   12.143294       2.4251601696014404       0.51136261    
   12.132491       2.4281256198883057       0.51236260    
   12.122588       2.4310963153839111       0.51336259    
   12.111785       2.4339838027954102       0.51436257    
   12.100982       2.4368162155151367       0.51536256    
   12.090178       2.4396147727966309       0.51636255    
   12.079375       2.4423625469207764       0.51736253    
   12.067672       2.4450449943542480       0.51836252    
   12.056869       2.4477474689483643       0.51936251    
   12.045165       2.4503431320190430       0.52036250    
   12.033462       2.4529013633728027       0.52136248    
   12.020858       2.4553759098052979       0.52236247    
   12.009154       2.4578859806060791       0.52336246    
   11.996551       2.4602026939392090       0.52436244    
   11.985747       2.4622733592987061       0.52536243    
   11.975844       2.4641017913818359       0.52636242    
   11.965941       2.4658038616180420       0.52736241    
   11.956038       2.4674448966979980       0.52836239    
   11.946136       2.4690504074096680       0.52936238    
   11.936233       2.4705545902252197       0.53036237    
   11.926330       2.4720246791839600       0.53136235    
   11.916427       2.4734439849853516       0.53236234    
   11.906524       2.4748005867004395       0.53336233    
   11.896621       2.4761140346527100       0.53436232    
   11.887618       2.4774446487426758       0.53536230    
   11.877715       2.4786779880523682       0.53636229    
   11.867812       2.4798588752746582       0.53736228    
   11.857909       2.4809961318969727       0.53836226    
   11.848006       2.4820790290832520       0.53936225    
   11.838103       2.4831204414367676       0.54036224    
   11.828200       2.4841289520263672       0.54136223    
   11.818297       2.4850883483886719       0.54236221    
   11.807494       2.4859645366668701       0.54336220    
   11.797591       2.4868350028991699       0.54436219    
   11.787688       2.4876625537872314       0.54536217    
   11.777785       2.4884567260742188       0.54636216    
   11.767882       2.4892179965972900       0.54736215    
   11.757979       2.4899232387542725       0.54836214    
   11.748076       2.4906127452850342       0.54936212    
   11.737273       2.4911921024322510       0.55036211    
   11.727370       2.4917883872985840       0.55136210    
   11.717467       2.4923527240753174       0.55236208    
   11.706664       2.4928400516510010       0.55336207    
   11.696761       2.4933121204376221       0.55436206    
   11.685958       2.4937298297882080       0.55536205    
   11.676055       2.4941382408142090       0.55636203    
   11.665252       2.4944679737091064       0.55736202    
   11.655349       2.4948062896728516       0.55836201    
   11.644546       2.4950542449951172       0.55936199    
   11.634643       2.4953355789184570       0.56036198    
   11.623839       2.4955224990844727       0.56136197    
   11.613036       2.4956805706024170       0.56236196    
   11.602233       2.4958074092864990       0.56336194    
   11.592330       2.4958899021148682       0.56436193    
   11.585128       2.4959571361541748       0.56536192    
   11.576125       2.4959645271301270       0.56636190    
   11.565322       2.4959974288940430       0.56736189    
   11.555419       2.4959411621093750       0.56836188    
   11.547317       2.4958996772766113       0.56936187    
   11.539214       2.4958362579345703       0.57036185    
   11.530211       2.4957098960876465       0.57136184    
   11.522109       2.4956068992614746       0.57236183    
   11.514007       2.4954838752746582       0.57336181    
   11.505904       2.4953389167785645       0.57436180    
   11.496902       2.4951362609863281       0.57536179    
   11.488799       2.4949595928192139       0.57636178    
   11.480697       2.4947321414947510       0.57736176    
   11.472594       2.4945108890533447       0.57836175    
   11.464492       2.4942615032196045       0.57936174    
   11.455489       2.4939541816711426       0.58036172    
   11.447387       2.4936714172363281       0.58136171    
   11.439284       2.4933624267578125       0.58236170    
   11.431182       2.4930551052093506       0.58336169    
   11.423079       2.4927089214324951       0.58436167    
   11.414077       2.4923052787780762       0.58536166    
   11.405974       2.4919197559356689       0.58636165    
   11.397872       2.4915306568145752       0.58736163    
   11.389770       2.4911165237426758       0.58836162    
   11.381667       2.4906890392303467       0.58936161    
   11.373565       2.4902384281158447       0.59036160    
   11.365462       2.4897701740264893       0.59136158    
   11.357360       2.4892930984497070       0.59236157    
   11.349257       2.4887928962707520       0.59336156    
   11.341155       2.4882845878601074       0.59436154    
   11.333053       2.4877548217773438       0.59536153    
   11.324950       2.4872078895568848       0.59636152    
   11.316848       2.4866502285003662       0.59736151    
   11.308745       2.4860703945159912       0.59836149    
   11.300643       2.4854857921600342       0.59936148    
   11.292541       2.4848747253417969       0.60036147    
   11.284438       2.4842598438262939       0.60136145    
   11.276336       2.4836196899414063       0.60236144    
   11.269134       2.4830203056335449       0.60336143    
   11.261031       2.4823696613311768       0.60436141    
   11.252929       2.4816830158233643       0.60536140    
   11.244826       2.4809920787811279       0.60636139    
   11.236724       2.4802975654602051       0.60736138    
   11.229522       2.4796323776245117       0.60836136    
   11.221419       2.4789042472839355       0.60936135    
   11.213317       2.4781627655029297       0.61036134    
   11.206115       2.4774627685546875       0.61136132    
   11.198012       2.4766960144042969       0.61236131    
   11.189910       2.4759202003479004       0.61336130    
   11.182708       2.4751858711242676       0.61436129    
   11.174605       2.4743814468383789       0.61536127    
   11.167403       2.4736156463623047       0.61636126    
   11.159301       2.4728083610534668       0.61736125    
   11.152099       2.4720163345336914       0.61836123    
   11.143996       2.4711725711822510       0.61936122    
   11.136794       2.4703714847564697       0.62036121    
   11.128692       2.4695081710815430       0.62136120    
   11.121490       2.4686810970306396       0.62236118    
   11.114287       2.4678502082824707       0.62336117    
   11.106185       2.4669604301452637       0.62436116    
   11.098983       2.4660890102386475       0.62536114    
   11.091781       2.4652414321899414       0.62636113    
   11.083678       2.4643239974975586       0.62736112    
   11.076476       2.4634387493133545       0.62836111    
   11.069274       2.4625506401062012       0.62936109    
   11.062072       2.4616534709930420       0.63036108    
   11.054870       2.4607510566711426       0.63136107    
   11.047668       2.4598283767700195       0.63236105    
   11.040465       2.4589097499847412       0.63336104    
   11.032363       2.4579434394836426       0.63436103    
   11.025161       2.4570128917694092       0.63536102    
   11.017959       2.4560618400573730       0.63636100    
   11.011657       2.4551568031311035       0.63736099    
   11.004455       2.4541959762573242       0.63836098    
   10.997252       2.4532291889190674       0.63936096    
   10.990050       2.4522693157196045       0.64036095    
   10.982848       2.4512948989868164       0.64136094    
   10.975646       2.4503047466278076       0.64236093    
   10.968444       2.4493234157562256       0.64336091    
   10.962142       2.4483637809753418       0.64436090    
   10.954940       2.4473657608032227       0.64536089    
   10.947738       2.4463701248168945       0.64636087    
   10.941436       2.4454002380371094       0.64736086    
   10.934234       2.4443867206573486       0.64836085    
   10.927932       2.4434056282043457       0.64936084    
   10.920730       2.4423859119415283       0.65036082    
   10.914428       2.4414026737213135       0.65136081    
   10.907226       2.4403591156005859       0.65236080    
   10.900924       2.4393756389617920       0.65336078    
   10.893722       2.4383349418640137       0.65436077    
   10.887420       2.4373292922973633       0.65536076    
   10.881118       2.4363238811492920       0.65636075    
   10.873916       2.4352755546569824       0.65736073    
   10.867614       2.4342489242553711       0.65836072    
   10.861312       2.4332396984100342       0.65936071    
   10.855010       2.4322152137756348       0.66036069    
   10.848708       2.4312002658843994       0.66136068    
   10.842406       2.4301731586456299       0.66236067    
   10.835204       2.4291031360626221       0.66336066    
   10.828902       2.4280757904052734       0.66436064    
   10.822600       2.4270553588867188       0.66536063    
   10.816298       2.4260170459747314       0.66636062    
   10.810897       2.4250113964080811       0.66736060    
   10.804595       2.4239766597747803       0.66836059    
   10.798293       2.4229362010955811       0.66936058    
   10.791991       2.4218947887420654       0.67036057    
   10.785689       2.4208507537841797       0.67136055    
   10.780288       2.4198489189147949       0.67236054    
   10.773986       2.4188079833984375       0.67336053    
   10.767684       2.4177567958831787       0.67436051    
   10.762282       2.4167532920837402       0.67536050    
   10.755980       2.4156980514526367       0.67636049    
   10.750579       2.4146871566772461       0.67736048    
   10.744277       2.4136409759521484       0.67836046    
   10.738875       2.4126272201538086       0.67936045    
   10.732574       2.4115862846374512       0.68036044    
   10.727172       2.4105727672576904       0.68136042    
   10.721770       2.4095742702484131       0.68236041    
   10.715468       2.4085381031036377       0.68336040    
   10.710067       2.4075207710266113       0.68436038    
   10.704665       2.4065284729003906       0.68536037    
   10.699264       2.4055159091949463       0.68636036    
   10.693862       2.4045174121856689       0.68736035    
   10.688460       2.4035229682922363       0.68836033    
   10.683059       2.4025301933288574       0.68936032    
   10.677657       2.4015376567840576       0.69036031    
   10.672256       2.4005565643310547       0.69136029    
   10.667754       2.3996233940124512       0.69236028    
   10.662353       2.3986456394195557       0.69336027    
   10.657851       2.3977479934692383       0.69436026    
   10.652450       2.3967702388763428       0.69536024    
   10.647048       2.3957352638244629       0.69636023    
   10.641646       2.3946988582611084       0.69736022    
   10.636245       2.3936583995819092       0.69836020    
   10.630843       2.3926219940185547       0.69936019    
   10.625442       2.3915710449218750       0.70036018    
   10.620040       2.3905477523803711       0.70136017    
   10.614638       2.3895094394683838       0.70236015    
   10.609237       2.3884694576263428       0.70336014    
   10.604735       2.3874795436859131       0.70436013    
   10.599334       2.3864457607269287       0.70536011    
   10.593932       2.3854146003723145       0.70636010    
   10.588531       2.3843770027160645       0.70736009    
   10.584029       2.3833909034729004       0.70836008    
   10.578628       2.3823709487915039       0.70936006    
   10.574126       2.3813796043395996       0.71036005    
   10.568725       2.3803532123565674       0.71136004    
   10.563323       2.3793284893035889       0.71236002    
   10.558822       2.3783466815948486       0.71336001    
   10.554320       2.3773641586303711       0.71436000    
   10.548919       2.3763465881347656       0.71535999    
   10.544417       2.3753719329833984       0.71635997    
   10.539016       2.3743512630462646       0.71735996    
   10.534514       2.3733837604522705       0.71835995    
   10.530013       2.3724043369293213       0.71935993    
   10.525512       2.3714401721954346       0.72035992    
   10.520110       2.3704338073730469       0.72135991    
   10.515609       2.3694703578948975       0.72235990    
   10.511107       2.3685102462768555       0.72335988    
   10.506606       2.3675506114959717       0.72435987    
   10.502105       2.3666007518768311       0.72535986    
   10.497603       2.3656380176544189       0.72635984    
   10.493102       2.3646965026855469       0.72735983    
   10.488601       2.3637442588806152       0.72835982    
   10.484099       2.3627936840057373       0.72935981    
   10.479598       2.3618474006652832       0.73035979    
   10.475997       2.3609423637390137       0.73135978    
   10.471496       2.3600058555603027       0.73235977    
   10.466994       2.3590724468231201       0.73335975    
   10.462493       2.3581461906433105       0.73435974    
   10.458892       2.3572463989257813       0.73535973    
   10.454391       2.3563268184661865       0.73635972    
   10.449889       2.3553960323333740       0.73735970    
   10.446288       2.3545131683349609       0.73835969    
   10.441787       2.3535926342010498       0.73935968    
   10.438186       2.3527154922485352       0.74035966    
   10.433684       2.3518052101135254       0.74135965    
   10.430083       2.3509330749511719       0.74235964    
   10.425582       2.3500337600708008       0.74335963    
   10.421981       2.3491606712341309       0.74435961    
   10.417480       2.3482651710510254       0.74535960    
   10.413878       2.3474004268646240       0.74635959    
   10.410277       2.3465499877929688       0.74735957    
   10.405776       2.3456575870513916       0.74835956    
   10.402175       2.3448116779327393       0.74935955    
   10.398574       2.3439719676971436       0.75035954    
   10.394973       2.3431246280670166       0.75135952    
   10.391372       2.3422875404357910       0.75235951    
   10.387771       2.3414576053619385       0.75335950    
   10.383269       2.3405830860137939       0.75435948    
   10.379668       2.3397469520568848       0.75535947    
   10.376067       2.3389298915863037       0.75635946    
   10.372466       2.3381128311157227       0.75735945    
   10.368865       2.3372898101806641       0.75835943    
   10.365264       2.3364760875701904       0.75935942    
   10.362563       2.3357064723968506       0.76035941    
   10.358962       2.3348960876464844       0.76135939    
   10.355361       2.3340919017791748       0.76235938    
   10.351760       2.3332920074462891       0.76335937    
   10.348159       2.3324930667877197       0.76435935    
   10.345458       2.3317327499389648       0.76535934    
   10.341857       2.3309462070465088       0.76635933    
   10.338256       2.3301649093627930       0.76735932    
   10.334655       2.3293783664703369       0.76835930    
   10.331954       2.3286387920379639       0.76935929    
   10.328353       2.3278620243072510       0.77035928    
   10.325652       2.3271241188049316       0.77135926    
   10.322051       2.3263626098632813       0.77235925    
   10.319350       2.3256268501281738       0.77335924    
   10.315749       2.3248696327209473       0.77435923    
   10.313048       2.3241491317749023       0.77535921    
   10.309447       2.3233904838562012       0.77635920    
   10.306746       2.3226785659790039       0.77735919    
   10.303145       2.3219320774078369       0.77835917    
   10.300445       2.3212299346923828       0.77935916    
   10.297744       2.3205232620239258       0.78035915    
   10.294143       2.3197872638702393       0.78135914    
   10.291442       2.3190922737121582       0.78235912    
   10.288741       2.3184061050415039       0.78335911    
   10.286040       2.3177158832550049       0.78435910    
   10.283340       2.3170289993286133       0.78535908    
   10.279738       2.3163130283355713       0.78635907    
   10.277038       2.3156337738037109       0.78735906    
   10.274337       2.3149685859680176       0.78835905    
   10.271636       2.3142979145050049       0.78935903    
   10.268935       2.3136258125305176       0.79035902    
   10.266234       2.3129692077636719       0.79135901    
   10.263534       2.3123087882995605       0.79235899    
   10.260833       2.3116500377655029       0.79335898    
   10.258132       2.3109991550445557       0.79435897    
   10.255431       2.3103487491607666       0.79535896    
   10.252730       2.3097097873687744       0.79635894    
   10.250030       2.3090672492980957       0.79735893    
   10.247329       2.3084211349487305       0.79835892    
   10.245528       2.3078253269195557       0.79935890    
   10.242827       2.3071961402893066       0.80035889    
   10.240127       2.3065626621246338       0.80135888    
   10.237426       2.3059515953063965       0.80235887    
   10.234725       2.3053326606750488       0.80335885    
   10.232924       2.3047506809234619       0.80435884    
   10.230224       2.3041348457336426       0.80535883    
   10.227523       2.3035330772399902       0.80635881    
   10.225722       2.3029577732086182       0.80735880    
   10.223022       2.3023653030395508       0.80835879    
   10.221221       2.3018128871917725       0.80935878    
   10.218520       2.3012328147888184       0.81035876    
   10.216720       2.3006823062896729       0.81135875    
   10.214019       2.3001015186309814       0.81235874    
   10.212218       2.2995684146881104       0.81335872    
   10.209517       2.2989981174468994       0.81435871    
   10.207717       2.2984740734100342       0.81535870    
   10.205916       2.2979514598846436       0.81635869    
   10.203216       2.2974002361297607       0.81735867    
   10.201415       2.2968828678131104       0.81835866    
   10.199615       2.2963650226593018       0.81935865    
   10.196914       2.2958238124847412       0.82035863    
   10.195113       2.2953250408172607       0.82135862    
   10.193313       2.2948257923126221       0.82235861    
   10.191512       2.2943303585052490       0.82335860    
   10.188811       2.2938082218170166       0.82435858    
   10.187011       2.2933137416839600       0.82535857    
   10.185210       2.2928240299224854       0.82635856    
   10.183410       2.2923376560211182       0.82735854    
   10.181609       2.2918589115142822       0.82835853    
   10.179809       2.2913863658905029       0.82935852    
   10.178008       2.2909154891967773       0.83035851    
   10.176208       2.2904400825500488       0.83135849    
   10.174407       2.2899796962738037       0.83235848    
   10.172606       2.2895188331604004       0.83335847    
   10.170806       2.2890517711639404       0.83435845    
   10.169005       2.2885994911193848       0.83535844    
   10.167205       2.2881445884704590       0.83635843    
   10.165404       2.2876930236816406       0.83735842    
   10.163604       2.2872428894042969       0.83835840    
   10.161803       2.2868041992187500       0.83935839    
   10.160003       2.2863564491271973       0.84035838    
   10.158202       2.2859189510345459       0.84135836    
   10.156402       2.2854862213134766       0.84235835    
   10.155501       2.2850897312164307       0.84335834    
   10.153701       2.2846574783325195       0.84435833    
   10.151900       2.2842304706573486       0.84535831    
   10.150100       2.2838118076324463       0.84635830    
   10.148299       2.2833931446075439       0.84735829    
   10.147399       2.2830057144165039       0.84835827    
   10.145598       2.2825860977172852       0.84935826    
   10.143798       2.2821819782257080       0.85035825    
   10.141997       2.2817618846893311       0.85135823    
   10.141097       2.2814016342163086       0.85235822    
   10.139297       2.2809901237487793       0.85335821    
   10.137496       2.2805869579315186       0.85435820    
   10.136596       2.2802212238311768       0.85535818    
   10.134795       2.2798283100128174       0.85635817    
   10.133895       2.2794668674468994       0.85735816    
   10.132094       2.2790796756744385       0.85835814    
   10.130294       2.2786884307861328       0.85935813    
   10.129394       2.2783401012420654       0.86035812    
   10.127593       2.2779464721679688       0.86135811    
   10.126693       2.2776033878326416       0.86235809    
   10.124892       2.2772221565246582       0.86335808    
   10.123992       2.2768831253051758       0.86435807    
   10.122191       2.2765016555786133       0.86535805    
   10.121291       2.2761774063110352       0.86635804    
   10.119491       2.2757978439331055       0.86735803    
   10.118590       2.2754731178283691       0.86835802    
   10.116790       2.2751078605651855       0.86935800    
   10.115890       2.2747800350189209       0.87035799    
   10.114089       2.2744166851043701       0.87135798    
   10.113189       2.2740969657897949       0.87235796    
   10.112288       2.2737786769866943       0.87335795    
   10.110488       2.2734229564666748       0.87435794    
   10.109588       2.2731056213378906       0.87535793    
   10.107787       2.2727575302124023       0.87635791    
   10.106887       2.2724442481994629       0.87735790    
   10.105987       2.2721312046051025       0.87835789    
   10.104186       2.2717957496643066       0.87935787    
   10.103286       2.2714829444885254       0.88035786    
   10.102386       2.2711784839630127       0.88135785    
   10.101485       2.2708814144134521       0.88235784    
   10.099685       2.2705481052398682       0.88335782    
   10.098784       2.2702524662017822       0.88435781    
   10.097884       2.2699565887451172       0.88535780    
   10.096084       2.2696321010589600       0.88635778    
   10.095183       2.2693350315093994       0.88735777    
   10.094283       2.2690553665161133       0.88835776    
   10.093383       2.2687704563140869       0.88935775    
   10.092483       2.2684695720672607       0.89035773    
   10.090682       2.2681634426116943       0.89135772    
   10.089782       2.2678868770599365       0.89235771    
   10.088881       2.2675979137420654       0.89335769    
   10.087981       2.2673239707946777       0.89435768    
   10.087081       2.2670555114746094       0.89535767    
   10.086181       2.2667770385742188       0.89635766    
   10.084380       2.2664730548858643       0.89735764    
   10.083480       2.2662043571472168       0.89835763    
   10.082580       2.2659335136413574       0.89935762    
   10.081679       2.2656695842742920       0.90035760    
   10.080779       2.2654056549072266       0.90135759    
   10.079879       2.2651441097259521       0.90235758    
   10.078979       2.2648830413818359       0.90335757    
   10.078078       2.2646179199218750       0.90435755    
   10.077178       2.2643651962280273       0.90535754    
   10.076278       2.2641108036041260       0.90635753    
   10.075377       2.2638568878173828       0.90735751    
   10.074477       2.2636041641235352       0.90835750    
   10.073577       2.2633543014526367       0.90935749    
   10.071776       2.2630732059478760       0.91035748    
   10.070876       2.2628262042999268       0.91135746    
   10.069976       2.2625782489776611       0.91235745    
   10.069076       2.2623350620269775       0.91335744    
   10.068175       2.2620887756347656       0.91435742    
   10.067275       2.2618489265441895       0.91535741    
   10.067275       2.2616467475891113       0.91635740    
   10.066375       2.2614126205444336       0.91735739    
   10.065475       2.2611761093139648       0.91835737    
   10.064574       2.2609364986419678       0.91935736    
   10.063674       2.2607028484344482       0.92035735    
   10.062774       2.2604768276214600       0.92135733    
   10.061873       2.2602419853210449       0.92235732    
   10.060973       2.2600107192993164       0.92335731    
   10.060073       2.2597904205322266       0.92435730    
   10.059173       2.2595655918121338       0.92535728    
   10.058272       2.2593355178833008       0.92635727    
   10.057372       2.2591192722320557       0.92735726    
   10.057372       2.2589347362518311       0.92835724    
   10.056472       2.2587165832519531       0.92935723    
   10.055572       2.2584974765777588       0.93035722    
   10.054671       2.2582736015319824       0.93135720    
   10.053771       2.2580647468566895       0.93235719    
   10.052871       2.2578537464141846       0.93335718    
   10.051970       2.2576348781585693       0.93435717    
   10.051970       2.2574532032012939       0.93535715    
   10.051070       2.2572453022003174       0.93635714    
   10.050170       2.2570323944091797       0.93735713    
   10.049270       2.2568347454071045       0.93835711    
   10.048369       2.2566308975219727       0.93935710    
   10.048369       2.2564547061920166       0.94035709    
   10.047469       2.2562484741210938       0.94135708    
   10.046569       2.2560513019561768       0.94235706    
   10.045669       2.2558457851409912       0.94335705    
   10.044768       2.2556474208831787       0.94435704    
   10.044768       2.2554876804351807       0.94535702    
   10.043868       2.2552847862243652       0.94635701    
   10.042968       2.2550950050354004       0.94735700    
   10.042068       2.2548980712890625       0.94835699    
   10.042068       2.2547316551208496       0.94935697    
   10.041167       2.2545390129089355       0.95035696    
   10.040267       2.2543540000915527       0.95135695    
   10.039367       2.2541635036468506       0.95235693    
   10.039367       2.2539987564086914       0.95335692    
   10.038466       2.2538099288940430       0.95435691    
   10.037566       2.2536239624023438       0.95535690    
   10.037566       2.2534725666046143       0.95635688    
   10.036666       2.2532913684844971       0.95735687    
   10.035766       2.2531063556671143       0.95835686    
   10.035766       2.2529580593109131       0.95935684    
   10.034865       2.2527749538421631       0.96035683    
   10.033965       2.2525882720947266       0.96135682    
   10.033065       2.2524130344390869       0.96235681    
   10.033065       2.2522680759429932       0.96335679    
   10.032165       2.2520868778228760       0.96435678    
   10.031264       2.2519078254699707       0.96535677    
   10.031264       2.2517793178558350       0.96635675    
   10.030364       2.2516014575958252       0.96735674    
   10.030364       2.2514526844024658       0.96835673    
   10.029464       2.2512774467468262       0.96935672    
   10.028563       2.2511067390441895       0.97035670    
   10.028563       2.2509694099426270       0.97135669    
   10.027663       2.2508051395416260       0.97235668    
   10.026763       2.2506310939788818       0.97335666    
   10.026763       2.2504909038543701       0.97435665    
   10.025863       2.2503318786621094       0.97535664    
   10.025863       2.2501986026763916       0.97635663    
   10.024962       2.2500314712524414       0.97735661    
   10.024062       2.2498707771301270       0.97835660    
   10.024062       2.2497317790985107       0.97935659    
   10.023162       2.2495639324188232       0.98035657    
   10.023162       2.2494387626647949       0.98135656    
   10.022262       2.2492892742156982       0.98235655    
   10.021361       2.2491183280944824       0.98335654    
   10.021361       2.2489960193634033       0.98435652    
   10.020461       2.2488260269165039       0.98535651    
   10.020461       2.2487103939056396       0.98635650    
   10.019561       2.2485477924346924       0.98735648    
   10.019561       2.2484257221221924       0.98835647    
   10.018661       2.2482736110687256       0.98935646    
   10.017760       2.2481114864349365       0.99035645    
   10.017760       2.2479929924011230       0.99135643    
   10.016860       2.2478413581848145       0.99235642    
   10.016860       2.2477185726165771       0.99335641    
   10.015960       2.2475709915161133       0.99435639    
   10.015960       2.2474486827850342       0.99535638    
   10.015059       2.2473001480102539       0.99635637    
   10.015059       2.2471790313720703       0.99735636    
   10.014159       2.2470331192016602       0.99835634    
   10.014159       2.2469136714935303       0.99935633    
   10.013259       2.2467663288116455        1.0003563    
   10.013259       2.2466540336608887        1.0013564    
   10.012359       2.2465012073516846        1.0023564    
   10.012359       2.2463960647583008        1.0033565    
   10.011458       2.2462441921234131        1.0043565    
   10.011458       2.2461431026458740        1.0053566    
   10.010558       2.2459874153137207        1.0063566    
   10.010558       2.2458827495574951        1.0073566    
   10.009658       2.2457382678985596        1.0083567    
   10.009658       2.2456300258636475        1.0093567    
   10.008758       2.2454812526702881        1.0103568    
   10.008758       2.2453896999359131        1.0113568    
   10.007857       2.2452812194824219        1.0123569    
   10.007857       2.2452397346496582        1.0133569    
   10.007857       2.2452170848846436        1.0143570    
   10.007857       2.2451937198638916        1.0153570    
   10.007857       2.2451636791229248        1.0163571    
   10.007857       2.2451245784759521        1.0173571    
   10.006957       2.2450442314147949        1.0183572    
   10.006957       2.2450118064880371        1.0193572    
   10.006957       2.2449734210968018        1.0203573    
   10.006957       2.2449264526367188        1.0213573    
   10.006957       2.2448775768280029        1.0223573    
   10.006057       2.2447948455810547        1.0233574    
   10.006057       2.2447388172149658        1.0243574    
   10.006057       2.2446861267089844        1.0253575    
   10.006057       2.2446327209472656        1.0263575    
   10.005157       2.2445437908172607        1.0273576    
   10.005157       2.2444865703582764        1.0283576    
   10.005157       2.2444341182708740        1.0293577    
   10.005157       2.2443728446960449        1.0303577    
   10.004256       2.2442793846130371        1.0313578    
   10.004256       2.2442216873168945        1.0323578    
   10.004256       2.2441694736480713        1.0333579    
   10.004256       2.2441024780273438        1.0343579    
   10.003356       2.2440087795257568        1.0353580    
   10.003356       2.2439441680908203        1.0363580    
   10.003356       2.2438728809356689        1.0373580    
   10.002456       2.2437803745269775        1.0383581    
   10.002456       2.2437219619750977        1.0393581    
   10.002456       2.2436583042144775        1.0403582    
   10.002456       2.2435948848724365        1.0413582    
   10.001555       2.2434973716735840        1.0423583    
   10.001555       2.2434279918670654        1.0433583    
   10.001555       2.2433698177337646        1.0443584    
   10.000655       2.2432677745819092        1.0453584    
   10.000655       2.2432115077972412        1.0463585    
   10.000655       2.2431397438049316        1.0473585    
   10.000655       2.2430775165557861        1.0483586    
   9.9997549       2.2429795265197754        1.0493586    
   9.9997549       2.2429084777832031        1.0503587    
   9.9997549       2.2428443431854248        1.0513587    
   9.9988546       2.2427489757537842        1.0523587    
   9.9988546       2.2426738739013672        1.0533588    
   9.9988546       2.2426156997680664        1.0543588    
   9.9988546       2.2425482273101807        1.0553589    
   9.9979544       2.2424440383911133        1.0563589    
   9.9979544       2.2423856258392334        1.0573590    
   9.9979544       2.2423176765441895        1.0583590    
   9.9970541       2.2422180175781250        1.0593591    
   9.9970541       2.2421481609344482        1.0603591    
   9.9970541       2.2420821189880371        1.0613592    
   9.9961538       2.2419815063476563        1.0623592    
   9.9961538       2.2419149875640869        1.0633593    
   9.9961538       2.2418527603149414        1.0643593    
   9.9961538       2.2417848110198975        1.0653594    
   9.9952536       2.2416791915893555        1.0663594    
   9.9952536       2.2416226863861084        1.0673594    
   9.9952536       2.2415463924407959        1.0683595    
   9.9943533       2.2414500713348389        1.0693595    
   9.9943533       2.2413830757141113        1.0703596    
   9.9943533       2.2413158416748047        1.0713596    
   9.9943533       2.2412569522857666        1.0723597    
   9.9934530       2.2411475181579590        1.0733597    
   9.9934530       2.2410864830017090        1.0743598    
   9.9934530       2.2410199642181396        1.0753598    
   9.9925528       2.2409145832061768        1.0763599    
   9.9925528       2.2408475875854492        1.0773599    
   9.9925528       2.2407803535461426        1.0783600    
   9.9925528       2.2407181262969971        1.0793600    
   9.9916525       2.2406253814697266        1.0803601    
   9.9916525       2.2405552864074707        1.0813601    
   9.9916525       2.2404925823211670        1.0823601    
   9.9907522       2.2403924465179443        1.0833602    
   9.9907522       2.2403204441070557        1.0843602    
   9.9907522       2.2402617931365967        1.0853603    
   9.9898520       2.2401542663574219        1.0863603    
   9.9898520       2.2400975227355957        1.0873604    
   9.9898520       2.2400240898132324        1.0883604    
   9.9898520       2.2399587631225586        1.0893605    
   9.9889517       2.2398643493652344        1.0903605    
   9.9889517       2.2397816181182861        1.0913606    
   9.9889517       2.2397279739379883        1.0923606    
   9.9880514       2.2396352291107178        1.0933607    
   9.9880514       2.2395627498626709        1.0943607    
   9.9880514       2.2395026683807373        1.0953608    
   9.9880514       2.2394354343414307        1.0963608    
   9.9871511       2.2393386363983154        1.0973608    
   9.9871511       2.2392737865447998        1.0983609    
   9.9871511       2.2392086982727051        1.0993609    
   9.9862509       2.2391123771667480        1.1003610    
   9.9862509       2.2390363216400146        1.1013610    
   9.9862509       2.2389745712280273        1.1023611    
   9.9862509       2.2389109134674072        1.1033611    
   9.9853506       2.2388141155242920        1.1043612    
   9.9853506       2.2387485504150391        1.1053612    
   9.9853506       2.2386860847473145        1.1063613    
   9.9844503       2.2385864257812500        1.1073613    
   9.9844503       2.2385149002075195        1.1083614    
   9.9844503       2.2384605407714844        1.1093614    
   9.9844503       2.2383906841278076        1.1103615    
   9.9835501       2.2382946014404297        1.1113615    
   9.9835501       2.2382299900054932        1.1123616    
   9.9835501       2.2381706237792969        1.1133616    
   9.9826498       2.2380640506744385        1.1143616    
   9.9826498       2.2380013465881348        1.1153617    
   9.9826498       2.2379415035247803        1.1163617    
   9.9826498       2.2378759384155273        1.1173618    
   9.9817495       2.2377741336822510        1.1183618    
   9.9817495       2.2377171516418457        1.1193619    
   9.9817495       2.2376506328582764        1.1203619    
   9.9817495       2.2375929355621338        1.1213620    
   9.9808493       2.2374927997589111        1.1223620    
   9.9808493       2.2374267578125000        1.1233621    
   9.9808493       2.2373602390289307        1.1243621    
   9.9799490       2.2372677326202393        1.1253622    
   9.9799490       2.2371973991394043        1.1263622    
   9.9799490       2.2371397018432617        1.1273623    
   9.9799490       2.2370710372924805        1.1283623    
   9.9790487       2.2369775772094727        1.1293623    
   9.9790487       2.2369172573089600        1.1303624    
   9.9790487       2.2368488311767578        1.1313624    
   9.9781485       2.2367517948150635        1.1323625    
   9.9781485       2.2366940975189209        1.1333625    
   9.9781485       2.2366232872009277        1.1343626    
   9.9781485       2.2365674972534180        1.1353626    
   9.9772482       2.2364716529846191        1.1363627    
   9.9772482       2.2364063262939453        1.1373627    
   9.9772482       2.2363426685333252        1.1383628    
   9.9772482       2.2362821102142334        1.1393628    
   9.9763479       2.2361819744110107        1.1403629    
   9.9763479       2.2361223697662354        1.1413629    
   9.9763479       2.2360544204711914        1.1423630    
   9.9754477       2.2359616756439209        1.1433630    
   9.9754477       2.2359004020690918        1.1443630    
   9.9754477       2.2358331680297852        1.1453631    
   9.9754477       2.2357721328735352        1.1463631    
   9.9745474       2.2356743812561035        1.1473632    
   9.9745474       2.2356095314025879        1.1483632    
   9.9745474       2.2355532646179199        1.1493633    
   9.9745474       2.2354907989501953        1.1503633    
   9.9736471       2.2353901863098145        1.1513634    
   9.9736471       2.2353262901306152        1.1523634    
   9.9736471       2.2352628707885742        1.1533635    
   9.9727468       2.2351729869842529        1.1543635    
   9.9727468       2.2351102828979492        1.1553636    
   9.9727468       2.2350447177886963        1.1563636    
   9.9727468       2.2349851131439209        1.1573637    
   9.9718466       2.2348899841308594        1.1583637    
   9.9718466       2.2348246574401855        1.1593637    
   9.9718466       2.2347633838653564        1.1603638    
   9.9718466       2.2346961498260498        1.1613638    
   9.9709463       2.2346065044403076        1.1623639    
   9.9709463       2.2345435619354248        1.1633639    
   9.9709463       2.2344834804534912        1.1643640    
   9.9709463       2.2344136238098145        1.1653640    
   9.9700460       2.2343249320983887        1.1663641    
   9.9700460       2.2342569828033447        1.1673641    
   9.9700460       2.2341980934143066        1.1683642    
   9.9691458       2.2341034412384033        1.1693642    
   9.9691458       2.2340378761291504        1.1703643    
   9.9691458       2.2339782714843750        1.1713643    
   9.9691458       2.2339158058166504        1.1723644    
   9.9682455       2.2338242530822754        1.1733644    
   9.9682455       2.2337613105773926        1.1743644    
   9.9682455       2.2336974143981934        1.1753645    
   9.9682455       2.2336349487304688        1.1763645    
   9.9673452       2.2335400581359863        1.1773646    
   9.9673452       2.2334723472595215        1.1783646    
   9.9673452       2.2334132194519043        1.1793647    
   9.9673452       2.2333505153656006        1.1803647    
   9.9664450       2.2332582473754883        1.1813648    
   9.9664450       2.2331933975219727        1.1823648    
   9.9664450       2.2331318855285645        1.1833649    
   9.9655447       2.2330408096313477        1.1843649    
   9.9655447       2.2329740524291992        1.1853650    
   9.9655447       2.2329118251800537        1.1863650    
   9.9655447       2.2328538894653320        1.1873651    
   9.9646444       2.2327547073364258        1.1883651    
   9.9646444       2.2326884269714355        1.1893651    
   9.9646444       2.2326354980468750        1.1903652    
   9.9646444       2.2325682640075684        1.1913652    
   9.9637442       2.2324738502502441        1.1923653    
   9.9637442       2.2324042320251465        1.1933653    
   9.9637442       2.2323448657989502        1.1943654    
   9.9637442       2.2322914600372314        1.1953654    
   9.9628439       2.2321903705596924        1.1963655    
   9.9628439       2.2321319580078125        1.1973655    
   9.9628439       2.2320713996887207        1.1983656    
   9.9619436       2.2319779396057129        1.1993656    
   9.9619436       2.2319056987762451        1.2003657    
   9.9619436       2.2318491935729980        1.2013657    
   9.9619436       2.2317841053009033        1.2023658    
   9.9610434       2.2316825389862061        1.2033658    
   9.9610434       2.2316260337829590        1.2043658    
   9.9610434       2.2315762042999268        1.2053659    
   9.9610434       2.2315011024475098        1.2063659    
   9.9601431       2.2314040660858154        1.2073660    
   9.9601431       2.2313432693481445        1.2083660    
   9.9601431       2.2312788963317871        1.2093661    
   9.9601431       2.2312219142913818        1.2103661    
   9.9592428       2.2311260700225830        1.2113662    
   9.9592428       2.2310633659362793        1.2123662    
   9.9592428       2.2309989929199219        1.2133663    
   9.9592428       2.2309379577636719        1.2143663    
   9.9583426       2.2308421134948730        1.2153664    
   9.9583426       2.2307803630828857        1.2163664    
   9.9583426       2.2307126522064209        1.2173665    
   9.9574423       2.2306168079376221        1.2183665    
   9.9574423       2.2305595874786377        1.2193666    
   9.9574423       2.2304885387420654        1.2203666    
   9.9574423       2.2304272651672363        1.2213666    
   9.9565420       2.2303352355957031        1.2223667    
   9.9565420       2.2302763462066650        1.2233667    
   9.9565420       2.2302136421203613        1.2243668    
   9.9565420       2.2301452159881592        1.2253668    
   9.9556417       2.2300500869750977        1.2263669    
   9.9556417       2.2299926280975342        1.2273669    
   9.9556417       2.2299256324768066        1.2283670    
   9.9556417       2.2298657894134521        1.2293670    
   9.9547415       2.2297685146331787        1.2303671    
   9.9547415       2.2297105789184570        1.2313671    
   9.9547415       2.2296390533447266        1.2323672    
   9.9538412       2.2295484542846680        1.2333672    
   9.9538412       2.2294816970825195        1.2343673    
   9.9538412       2.2294101715087891        1.2353673    
   9.9538412       2.2293548583984375        1.2363673    
   9.9529409       2.2292594909667969        1.2373674    
   9.9529409       2.2291939258575439        1.2383674    
   9.9529409       2.2291278839111328        1.2393675    
   9.9529409       2.2290654182434082        1.2403675    
   9.9520407       2.2289712429046631        1.2413676    
   9.9520407       2.2289090156555176        1.2423676    
   9.9520407       2.2288513183593750        1.2433677    
   9.9520407       2.2287917137145996        1.2443677    
   9.9511404       2.2286882400512695        1.2453678    
   9.9511404       2.2286319732666016        1.2463678    
   9.9511404       2.2285680770874023        1.2473679    
   9.9511404       2.2285091876983643        1.2483679    
   9.9502401       2.2284071445465088        1.2493680    
   9.9502401       2.2283434867858887        1.2503680    
   9.9502401       2.2282845973968506        1.2513680    
   9.9493399       2.2281887531280518        1.2523681    
   9.9493399       2.2281246185302734        1.2533681    
   9.9493399       2.2280616760253906        1.2543682    
   9.9493399       2.2280094623565674        1.2553682    
   9.9484396       2.2279112339019775        1.2563683    
   9.9484396       2.2278499603271484        1.2573683    
   9.9484396       2.2277965545654297        1.2583684    
   9.9484396       2.2277324199676514        1.2593684    
   9.9475393       2.2276265621185303        1.2603685    
   9.9475393       2.2275702953338623        1.2613685    
   9.9475393       2.2275016307830811        1.2623686    
   9.9475393       2.2274355888366699        1.2633686    
   9.9466391       2.2273409366607666        1.2643687    
   9.9466391       2.2272830009460449        1.2653687    
   9.9466391       2.2272136211395264        1.2663687    
   9.9466391       2.2271466255187988        1.2673688    
   9.9457388       2.2270519733428955        1.2683688    
   9.9457388       2.2269940376281738        1.2693689    
   9.9457388       2.2269325256347656        1.2703689    
   9.9457388       2.2268671989440918        1.2713690    
   9.9448385       2.2267751693725586        1.2723690    
   9.9448385       2.2267084121704102        1.2733691    
   9.9448385       2.2266383171081543        1.2743691    
   9.9439383       2.2265408039093018        1.2753692    
   9.9439383       2.2264800071716309        1.2763692    
   9.9439383       2.2264101505279541        1.2773693    
   9.9439383       2.2263495922088623        1.2783693    
   9.9430380       2.2262520790100098        1.2793694    
   9.9430380       2.2261850833892822        1.2803694    
   9.9430380       2.2261240482330322        1.2813694    
   9.9430380       2.2260577678680420        1.2823695    
   9.9421377       2.2259624004364014        1.2833695    
   9.9421377       2.2258911132812500        1.2843696    
   9.9421377       2.2258315086364746        1.2853696    
   9.9412374       2.2257289886474609        1.2863697    
   9.9412374       2.2256669998168945        1.2873697    
   9.9412374       2.2255992889404297        1.2883698    
   9.9412374       2.2255327701568604        1.2893698    
   9.9403372       2.2254314422607422        1.2903699    
   9.9403372       2.2253646850585938        1.2913699    
   9.9403372       2.2252974510192871        1.2923700    
   9.9403372       2.2252376079559326        1.2933700    
   9.9394369       2.2251336574554443        1.2943701    
   9.9394369       2.2250719070434570        1.2953701    
   9.9394369       2.2250094413757324        1.2963701    
   9.9394369       2.2249426841735840        1.2973702    
   9.9385366       2.2248418331146240        1.2983702    
   9.9385366       2.2247738838195801        1.2993703    
   9.9385366       2.2247021198272705        1.3003703    
   9.9376364       2.2246019840240479        1.3013704    
   9.9376364       2.2245388031005859        1.3023704    
   9.9376364       2.2244694232940674        1.3033705    
   9.9376364       2.2244036197662354        1.3043705    
   9.9367361       2.2242927551269531        1.3053706    
   9.9367361       2.2242267131805420        1.3063706    
   9.9367361       2.2241621017456055        1.3073707    
   9.9358358       2.2240622043609619        1.3083707    
   9.9358358       2.2239906787872314        1.3093708    
   9.9358358       2.2239267826080322        1.3103708    
   9.9358358       2.2238516807556152        1.3113708    
   9.9349356       2.2237532138824463        1.3123709    
   9.9349356       2.2236821651458740        1.3133709    
   9.9349356       2.2236073017120361        1.3143710    
   9.9340353       2.2235102653503418        1.3153710    
   9.9340353       2.2234318256378174        1.3163711    
   9.9340353       2.2233622074127197        1.3173711    
   9.9340353       2.2232971191406250        1.3183712    
   9.9331350       2.2231817245483398        1.3193712    
   9.9331350       2.2231194972991943        1.3203713    
   9.9331350       2.2230384349822998        1.3213713    
   9.9322348       2.2229378223419189        1.3223714    
   9.9322348       2.2228655815124512        1.3233714    
   9.9322348       2.2227888107299805        1.3243715    
   9.9313345       2.2226879596710205        1.3253715    
   9.9313345       2.2226240634918213        1.3263716    
   9.9313345       2.2225465774536133        1.3273716    
   9.9313345       2.2224798202514648        1.3283716    
   9.9304342       2.2223713397979736        1.3293717    
   9.9304342       2.2223024368286133        1.3303717    
   9.9304342       2.2222349643707275        1.3313718    
   9.9304342       2.2221658229827881        1.3323718    
   9.9295340       2.2220652103424072        1.3333719    
   9.9295340       2.2220013141632080        1.3343719    
   9.9295340       2.2219290733337402        1.3353720    
   9.9286337       2.2218282222747803        1.3363720    
   9.9286337       2.2217593193054199        1.3373721    
   9.9286337       2.2216887474060059        1.3383721    
   9.9286337       2.2216317653656006        1.3393722    
   9.9277334       2.2215590476989746        1.3403722    
   9.9277334       2.2215459346771240        1.3413723    
   9.9295340       2.2220802307128906        1.3423723    
   9.9664450       2.2332785129547119        1.3433723    
   9.9214315       2.2193791866302490        1.3443724    
   9.9151297       2.2174446582794189        1.3453724    
   9.9304342       2.2221918106079102        1.3463725    
   9.9313345       2.2224662303924561        1.3473725    
   9.9241323       2.2202978134155273        1.3483726    
   9.9259329       2.2209174633026123        1.3493726    
   9.9268332       2.2211508750915527        1.3503727    
   9.9178305       2.2183103561401367        1.3513727    
   9.9430380       2.2260417938232422        1.3523728    
   9.9277334       2.2213311195373535        1.3533728    
   9.9358358       2.2238984107971191        1.3543729    
   9.9268332       2.2211978435516357        1.3553729    
   9.9268332       2.2212207317352295        1.3563730    
   10.002456       2.2437412738800049        1.3573730    
   9.4019766       2.0044298171997070        1.3583730    
   9.8161001       2.1849060058593750        1.3593731    
   9.9277334       2.2215292453765869        1.3603731    
   9.9250326       2.2206451892852783        1.3613732    
   9.9331350       2.2231616973876953        1.3623732    
   9.9304342       2.2223269939422607        1.3633733    
   9.9097281       2.2157926559448242        1.3643733    
   9.9178305       2.2183547019958496        1.3653734    
   9.9331350       2.2231171131134033        1.3663734    
   9.9223318       2.2196478843688965        1.3673735    
   9.9016256       2.2132995128631592        1.3683735    
   9.9043264       2.2139968872070313        1.3693736    
   9.9079275       2.2151436805725098        1.3703736    
   9.9214315       2.2194890975952148        1.3713737    
   9.9205313       2.2190845012664795        1.3723737    
   9.9214315       2.2193760871887207        1.3733737    
   9.9223318       2.2197248935699463        1.3743738    
   9.9277334       2.2213759422302246        1.3753738    
   9.9223318       2.2197654247283936        1.3763739    
   9.9232321       2.2201216220855713        1.3773739    
   9.9241323       2.2204105854034424        1.3783740    
   9.9385366       2.2247395515441895        1.3793740    
   9.9295340       2.2220466136932373        1.3803741    
