   4.6737285      1.43516128882765770E-002  4.73690443E-02
   4.7889018      1.55481519177556038E-002  4.83690426E-02
   4.8968768      1.67406648397445679E-002  4.93690409E-02
   4.9985533      1.79317481815814972E-002  5.03690392E-02
   5.0948310      1.91257819533348083E-002  5.13690375E-02
   5.1884093      2.03478652983903885E-002  5.23690358E-02
   5.2801881      2.16078534722328186E-002  5.33690341E-02
   5.3692675      2.28974837809801102E-002  5.43690324E-02
   5.4574471      2.42366883903741837E-002  5.53690307E-02
   5.5438271      2.56148558109998703E-002  5.63690290E-02
   5.6284075      2.70303469151258469E-002  5.73690273E-02
   5.7111883      2.84813567996025085E-002  5.83690256E-02
   5.7930694      2.99773719161748886E-002  5.93690239E-02
   5.8722510      3.14934998750686646E-002  6.03690222E-02
   5.9496331      3.30394767224788666E-002  6.13690205E-02
   6.0252156      3.46144996583461761E-002  6.23690188E-02
   6.0998983      3.62307392060756683E-002  6.33690208E-02
   6.1727815      3.78752835094928741E-002  6.43690228E-02
   6.2447648      3.95610779523849487E-002  6.53690249E-02
   6.3149486      4.12741787731647491E-002  6.63690269E-02
   6.3842325      4.30273301899433136E-002  6.73690289E-02
   6.4526167      4.48196604847908020E-002  6.83690310E-02
   6.5201011      4.66506369411945343E-002  6.93690330E-02
   6.5857859      4.85044382512569427E-002  7.03690350E-02
   6.6505709      5.03947176039218903E-002  7.13690370E-02
   6.7144561      5.23210726678371429E-002  7.23690391E-02
   6.7774415      5.42834885418415070E-002  7.33690411E-02
   6.8395271      5.62809631228446960E-002  7.43690431E-02
   6.9007130      5.83137385547161102E-002  7.53690451E-02
   6.9609990      6.03807978332042694E-002  7.63690472E-02
   7.0203853      6.24813362956047058E-002  7.73690492E-02
   7.0788717      6.46144598722457886E-002  7.83690512E-02
   7.1364584      6.67792037129402161E-002  7.93690532E-02
   7.1931453      6.89749494194984436E-002  8.03690553E-02
   7.2498322      7.12196752429008484E-002  8.13690573E-02
   7.3047194      7.34768956899642944E-002  8.23690593E-02
   7.3596067      7.57822096347808838E-002  8.33690614E-02
   7.4135942      7.81174674630165100E-002  8.43690634E-02
   7.4666820      8.04816186428070068E-002  8.53690654E-02
   7.5188699      8.28741043806076050E-002  8.63690674E-02
   7.5701580      8.52939561009407043E-002  8.73690695E-02
   7.6214461      8.77604857087135315E-002  8.83690715E-02
   7.6718345      9.02533456683158875E-002  8.93690735E-02
   7.7222228      9.27930176258087158E-002  9.03690755E-02
   7.7717113      9.53581854701042175E-002  9.13690776E-02
   7.8203001      9.79477167129516602E-002  9.23690796E-02
   7.8679891      0.10056174546480179       9.33690816E-02
   7.9156780      0.10322103649377823       9.43690836E-02
   7.9624672      0.10590302199125290       9.53690857E-02
   8.0083609      0.10860848426818848       9.63690877E-02
   8.0542746      0.11135721951723099       9.73690897E-02
   8.1001883      0.11415114253759384       9.83690917E-02
   8.1452017      0.11696550995111465       9.93690938E-02
   8.1893148      0.11980059742927551       0.10036910    
   8.2334280      0.12267877906560898       0.10136910    
   8.2766409      0.12557616829872131       0.10236910    
   8.3189535      0.12849289178848267       0.10336910    
   8.3612661      0.13145065307617188       0.10436910    
   8.4035788      0.13445144891738892       0.10536911    
   8.4449911      0.13746939599514008       0.10636911    
   8.4864035      0.14052984118461609       0.10736911    
   8.5269156      0.14360709488391876       0.10836911    
   8.5665274      0.14670100808143616       0.10936911    
   8.6070395      0.14986051619052887       0.11036912    
   8.6457510      0.15300831198692322       0.11136912    
   8.6853628      0.15622115135192871       0.11236912    
   8.7231741      0.15942053496837616       0.11336912    
   8.7618856      0.16268387436866760       0.11436912    
   8.7996969      0.16595950722694397       0.11536913    
   8.8366079      0.16925114393234253       0.11636913    
   8.8735189      0.17258538305759430       0.11736913    
   8.9104300      0.17596241831779480       0.11836913    
   8.9464407      0.17934869229793549       0.11936913    
   8.9824514      0.18277020752429962       0.12036914    
   9.0184622      0.18622556328773499       0.12136914    
   9.0535727      0.18968972563743591       0.12236914    
   9.0886831      0.19319629669189453       0.12336914    
   9.1228933      0.19671219587326050       0.12436914    
   9.1571035      0.20026451349258423       0.12536915    
   9.1913137      0.20385132730007172       0.12636915    
   9.2246237      0.20744326710700989       0.12736915    
   9.2579336      0.21107287704944611       0.12836915    
   9.2912436      0.21473887562751770       0.12936915    
   9.3236532      0.21841256320476532       0.13036916    
   9.3560629      0.22212228178977966       0.13136916    
   9.3884726      0.22586601972579956       0.13236916    
   9.4199820      0.22961388528347015       0.13336916    
   9.4514914      0.23339444398880005       0.13436916    
   9.4830008      0.23721076548099518       0.13536917    
   9.5136099      0.24103400111198425       0.13636917    
   9.5442190      0.24489320814609528       0.13736917    
   9.5748281      0.24878410995006561       0.13836917    
   9.6045370      0.25267362594604492       0.13936917    
   9.6342459      0.25658780336380005       0.14036918    
   9.6639547      0.26052880287170410       0.14136918    
   9.6927633      0.26445901393890381       0.14236918    
   9.7215719      0.26840293407440186       0.14336918    
   9.7494802      0.27232620120048523       0.14436918    
   9.7773886      0.27626082301139832       0.14536919    
   9.8043966      0.28018015623092651       0.14636919    
   9.8314047      0.28412055969238281       0.14736919    
   9.8584127      0.28808954358100891       0.14836919    
   9.8854208      0.29208853840827942       0.14936920    
   9.9115286      0.29608041048049927       0.15036920    
   9.9376364      0.30009359121322632       0.15136920    
   9.9628439      0.30408811569213867       0.15236920    
   9.9880514      0.30809804797172546       0.15336920    
   10.013259      0.31212589144706726       0.15436921    
   10.038466      0.31618553400039673       0.15536921    
   10.063674      0.32028552889823914       0.15636921    
   10.087981      0.32437971234321594       0.15736921    
   10.112288      0.32848411798477173       0.15836921    
   10.135695      0.33255705237388611       0.15936922    
   10.160003      0.33669236302375793       0.16036922    
   10.183410      0.34083384275436401       0.16136922    
   10.206817      0.34500244259834290       0.16236922    
   10.229323      0.34913963079452515       0.16336922    
   10.252730      0.35332268476486206       0.16436923    
   10.275237      0.35751724243164063       0.16536923    
   10.297744      0.36176162958145142       0.16636923    
   10.320251      0.36602440476417542       0.16736923    
   10.342757      0.37027543783187866       0.16836923    
   10.364364      0.37448805570602417       0.16936924    
   10.385970      0.37872928380966187       0.17036924    
   10.406676      0.38296309113502502       0.17136924    
   10.428283      0.38725888729095459       0.17236924    
   10.448989      0.39153817296028137       0.17336924    
   10.470595      0.39588883519172668       0.17436925    
   10.491302      0.40023463964462280       0.17536925    
   10.512008      0.40460464358329773       0.17636925    
   10.531814      0.40894716978073120       0.17736925    
   10.552520      0.41334050893783569       0.17836925    
   10.572326      0.41771796345710754       0.17936926    
   10.592132      0.42212504148483276       0.18036926    
   10.611938      0.42656254768371582       0.18136926    
   10.631743      0.43102183938026428       0.18236926    
   10.650649      0.43545120954513550       0.18336926    
   10.670455      0.43994003534317017       0.18436927    
   10.689361      0.44442775845527649       0.18536927    
   10.708266      0.44894486665725708       0.18636927    
   10.727172      0.45347267389297485       0.18736927    
   10.746078      0.45800623297691345       0.18836927    
   10.764083      0.46252325177192688       0.18936928    
   10.782088      0.46706488728523254       0.19036928    
   10.800994      0.47166568040847778       0.19136928    
   10.818999      0.47624203562736511       0.19236928    
   10.836104      0.48080322146415710       0.19336928    
   10.854110      0.48543193936347961       0.19436929    
   10.872115      0.49008092284202576       0.19536929    
   10.889220      0.49470764398574829       0.19636929    
   10.907226      0.49940079450607300       0.19736929    
   10.924331      0.50408166646957397       0.19836929    
   10.941436      0.50879293680191040       0.19936930    
   10.958541      0.51352125406265259       0.20036930    
   10.974746      0.51821088790893555       0.20136930    
   10.991851      0.52296340465545654       0.20236930    
   11.008956      0.52778017520904541       0.20336930    
   11.025161      0.53260177373886108       0.20436931    
   11.042266      0.53745120763778687       0.20536931    
   11.058471      0.54224389791488647       0.20636931    
   11.073775      0.54701375961303711       0.20736931    
   11.089980      0.55185449123382568       0.20836931    
   11.106185      0.55670714378356934       0.20936932    
   11.121490      0.56153362989425659       0.21036932    
   11.137694      0.56643098592758179       0.21136932    
   11.152999      0.57132107019424438       0.21236932    
   11.168303      0.57623934745788574       0.21336932    
   11.183608      0.58118540048599243       0.21436933    
   11.198913      0.58615529537200928       0.21536933    
   11.214217      0.59114772081375122       0.21636933    
   11.229522      0.59616297483444214       0.21736933    
   11.244826      0.60120582580566406       0.21836933    
   11.259231      0.60623472929000854       0.21936934    
   11.274535      0.61131840944290161       0.22036934    
   11.288939      0.61634010076522827       0.22136934    
   11.303344      0.62136089801788330       0.22236934    
   11.317748      0.62642943859100342       0.22336935    
   11.332152      0.63154733180999756       0.22436935    
   11.346557      0.63665515184402466       0.22536935    
   11.360061      0.64173138141632080       0.22636935    
   11.374465      0.64691382646560669       0.22736935    
   11.388869      0.65212881565093994       0.22836936    
   11.402373      0.65729486942291260       0.22936936    
   11.416778      0.66255205869674683       0.23036936    
   11.430282      0.66783744096755981       0.23136936    
   11.444686      0.67319244146347046       0.23236936    
   11.458190      0.67846632003784180       0.23336937    
   11.470794      0.68368160724639893       0.23436937    
   11.484298      0.68899083137512207       0.23536937    
   11.497802      0.69433951377868652       0.23636937    
   11.511306      0.69964671134948730       0.23736937    
   11.523910      0.70491659641265869       0.23836938    
   11.537414      0.71033465862274170       0.23936938    
   11.550017      0.71575236320495605       0.24036938    
   11.563521      0.72117936611175537       0.24136938    
   11.576125      0.72655761241912842       0.24236938    
   11.588729      0.73199433088302612       0.24336939    
   11.601333      0.73752307891845703       0.24436939    
   11.613936      0.74309974908828735       0.24536939    
   11.626540      0.74864143133163452       0.24636939    
   11.639144      0.75402259826660156       0.24736939    
   11.649947      0.75896584987640381       0.24836940    
   11.659850      0.76344138383865356       0.24936940    
   11.668853      0.76756179332733154       0.25036940    
   11.676955      0.77146178483963013       0.25136939    
   11.685958      0.77532237768173218       0.25236937    
   11.694060      0.77908831834793091       0.25336936    
   11.701262      0.78273314237594604       0.25436935    
   11.708465      0.78628486394882202       0.25536934    
   11.716567      0.78983849287033081       0.25636932    
   11.723769      0.79337567090988159       0.25736931    
   11.730971      0.79698222875595093       0.25836930    
   11.738173      0.80056887865066528       0.25936928    
   11.745376      0.80403697490692139       0.26036927    
   11.751678      0.80741000175476074       0.26136926    
   11.758880      0.81092274188995361       0.26236925    
   11.766082      0.81453514099121094       0.26336923    
   11.773284      0.81812059879302979       0.26436922    
   11.779586      0.82151108980178833       0.26536921    
   11.785888      0.82483714818954468       0.26636919    
   11.792190      0.82820552587509155       0.26736918    
   11.798491      0.83168041706085205       0.26836917    
   11.804793      0.83523625135421753       0.26936916    
   11.811996      0.83883166313171387       0.27036914    
   11.818297      0.84228086471557617       0.27136913    
   11.823699      0.84550869464874268       0.27236912    
   11.829101      0.84864336252212524       0.27336910    
   11.834502      0.85184365510940552       0.27436909    
   11.840804      0.85522407293319702       0.27536908    
   11.846206      0.85866081714630127       0.27636907    
   11.852508      0.86219346523284912       0.27736905    
   11.858809      0.86577749252319336       0.27836904    
   11.864211      0.86934304237365723       0.27936903    
   11.870513      0.87289690971374512       0.28036901    
   11.875915      0.87627202272415161       0.28136900    
   11.880416      0.87945878505706787       0.28236899    
   11.885818      0.88272827863693237       0.28336897    
   11.891219      0.88611721992492676       0.28436896    
   11.896621      0.88958573341369629       0.28536895    
   11.902022      0.89305639266967773       0.28636894    
   11.907424      0.89651960134506226       0.28736892    
   11.911925      0.89992880821228027       0.28836891    
   11.917327      0.90337282419204712       0.28936890    
   11.921828      0.90674495697021484       0.29036888    
   11.927230      0.91011917591094971       0.29136887    
   11.931731      0.91343003511428833       0.29236886    
   11.936233      0.91677802801132202       0.29336885    
   11.940734      0.92023628950119019       0.29436883    
   11.946136      0.92387831211090088       0.29536882    
   11.950637      0.92752301692962646       0.29636881    
   11.956038      0.93115735054016113       0.29736879    
   11.960540      0.93468832969665527       0.29836878    
   11.965041      0.93821084499359131       0.29936877    
   11.969543      0.94172739982604980       0.30036876    
   11.974044      0.94519239664077759       0.30136874    
   11.977645      0.94852513074874878       0.30236873    
   11.982146      0.95185846090316772       0.30336872    
   11.985747      0.95516473054885864       0.30436870    
   11.990249      0.95860368013381958       0.30536869    
   11.994750      0.96218425035476685       0.30636868    
   11.998351      0.96579867601394653       0.30736867    
   12.002852      0.96948873996734619       0.30836865    
   12.007354      0.97316896915435791       0.30936864    
   12.010955      0.97680079936981201       0.31036863    
   12.014556      0.98036283254623413       0.31136861    
   12.019057      0.98384356498718262       0.31236860    
   12.022658      0.98720288276672363       0.31336859    
   12.026259      0.99062234163284302       0.31436858    
   12.029860      0.99410223960876465       0.31536856    
   12.033462      0.99757266044616699       0.31636855    
   12.036162       1.0010068416595459       0.31736854    
   12.039763       1.0046124458312988       0.31836852    
   12.043365       1.0083706378936768       0.31936851    
   12.047866       1.0122202634811401       0.32036850    
   12.051467       1.0160293579101563       0.32136849    
   12.055068       1.0198727846145630       0.32236847    
   12.057769       1.0237029790878296       0.32336846    
   12.061370       1.0275746583938599       0.32436845    
   12.064971       1.0314095020294189       0.32536843    
   12.068572       1.0351561307907104       0.32636842    
   12.071273       1.0387961864471436       0.32736841    
   12.074874       1.0424808263778687       0.32836840    
   12.077575       1.0460693836212158       0.32936838    
   12.080276       1.0495654344558716       0.33036837    
   12.082976       1.0530542135238647       0.33136836    
   12.086577       1.0568029880523682       0.33236834    
   12.089278       1.0607010126113892       0.33336833    
   12.092879       1.0646901130676270       0.33436832    
   12.095580       1.0686187744140625       0.33536831    
   12.098281       1.0725593566894531       0.33636829    
   12.100982       1.0765440464019775       0.33736828    
   12.104583       1.0805892944335938       0.33836827    
   12.107284       1.0844997167587280       0.33936825    
   12.109984       1.0883178710937500       0.34036824    
   12.112685       1.0921641588211060       0.34136823    
   12.115386       1.0960967540740967       0.34236822    
   12.117187       1.1000293493270874       0.34336820    
   12.119887       1.1040198802947998       0.34436819    
   12.122588       1.1080198287963867       0.34536818    
   12.125289       1.1119202375411987       0.34636816    
   12.127090       1.1155689954757690       0.34736815    
   12.129790       1.1193318367004395       0.34836814    
   12.132491       1.1234501600265503       0.34936813    
   12.135192       1.1277837753295898       0.35036811    
   12.136992       1.1320184469223022       0.35136810    
   12.139693       1.1363579034805298       0.35236809    
   12.142394       1.1407548189163208       0.35336807    
   12.144195       1.1449514627456665       0.35436806    
   12.146895       1.1490602493286133       0.35536805    
   12.148696       1.1531429290771484       0.35636804    
   12.150496       1.1572728157043457       0.35736802    
   12.153197       1.1614756584167480       0.35836801    
   12.154998       1.1656143665313721       0.35936800    
   12.156798       1.1697901487350464       0.36036798    
   12.158599       1.1739675998687744       0.36136797    
   12.161300       1.1782144308090210       0.36236796    
   12.163100       1.1824214458465576       0.36336794    
   12.164901       1.1866405010223389       0.36436793    
   12.166701       1.1908714771270752       0.36536792    
   12.168502       1.1950981616973877       0.36636791    
   12.170302       1.1993272304534912       0.36736789    
   12.172103       1.2035180330276489       0.36836788    
   12.173903       1.2077146768569946       0.36936787    
   12.174804       1.2119414806365967       0.37036785    
   12.176604       1.2162739038467407       0.37136784    
   12.178405       1.2206026315689087       0.37236783    
   12.180205       1.2249480485916138       0.37336782    
   12.182006       1.2292765378952026       0.37436780    
   12.182906       1.2334936857223511       0.37536779    
   12.184707       1.2377761602401733       0.37636778    
   12.185607       1.2421582937240601       0.37736776    
   12.187407       1.2467310428619385       0.37836775    
   12.189208       1.2513718605041504       0.37936774    
   12.190108       1.2560403347015381       0.38036773    
   12.191909       1.2608069181442261       0.38136771    
   12.192809       1.2655652761459351       0.38236770    
   12.194610       1.2704421281814575       0.38336769    
   12.196410       1.2754479646682739       0.38436767    
   12.197310       1.2805848121643066       0.38536766    
   12.199111       1.2858442068099976       0.38636765    
   12.200011       1.2907875776290894       0.38736764    
   12.200912       1.2953637838363647       0.38836762    
   12.201812       1.2998409271240234       0.38936761    
   12.203612       1.3044285774230957       0.39036760    
   12.204513       1.3089730739593506       0.39136758    
   12.205413       1.3135074377059937       0.39236757    
   12.206313       1.3180447816848755       0.39336756    
   12.207213       1.3225773572921753       0.39436755    
   12.208114       1.3270295858383179       0.39536753    
   12.209014       1.3313500881195068       0.39636752    
   12.209914       1.3357484340667725       0.39736751    
   12.210814       1.3404006958007813       0.39836749    
   12.211715       1.3452693223953247       0.39936748    
   12.211715       1.3502118587493896       0.40036747    
   12.212615       1.3552457094192505       0.40136746    
   12.213515       1.3603311777114868       0.40236744    
   12.214416       1.3654872179031372       0.40336743    
   12.215316       1.3707563877105713       0.40436742    
   12.216216       1.3761507272720337       0.40536740    
   12.216216       1.3815681934356689       0.40636739    
   12.217116       1.3868739604949951       0.40736738    
   12.218017       1.3919280767440796       0.40836737    
   12.218017       1.3968275785446167       0.40936735    
   12.218917       1.4018485546112061       0.41036734    
   12.218917       1.4068601131439209       0.41136733    
   12.219817       1.4119260311126709       0.41236731    
   12.219817       1.4169976711273193       0.41336730    
   12.219817       1.4221084117889404       0.41436729    
   12.220717       1.4273183345794678       0.41536728    
   12.220717       1.4325096607208252       0.41636726    
   12.220717       1.4377388954162598       0.41736725    
   12.221618       1.4430962800979614       0.41836724    
   12.221618       1.4484741687774658       0.41936722    
   12.221618       1.4539468288421631       0.42036721    
   12.221618       1.4594554901123047       0.42136720    
   12.221618       1.4648044109344482       0.42236719    
   12.221618       1.4700052738189697       0.42336717    
   12.222518       1.4752568006515503       0.42436716    
   12.222518       1.4805322885513306       0.42536715    
   12.221618       1.4857908487319946       0.42636713    
   12.221618       1.4912269115447998       0.42736712    
   12.221618       1.4968055486679077       0.42836711    
   12.221618       1.5020923614501953       0.42936710    
   12.221618       1.5069570541381836       0.43036708    
   12.221618       1.5117759704589844       0.43136707    
   12.221618       1.5166422128677368       0.43236706    
   12.220717       1.5214149951934814       0.43336704    
   12.220717       1.5261974334716797       0.43436703    
   12.220717       1.5309547185897827       0.43536702    
   12.219817       1.5355392694473267       0.43636701    
   12.219817       1.5400102138519287       0.43736699    
   12.219817       1.5444855690002441       0.43836698    
   12.218917       1.5492361783981323       0.43936697    
   12.218917       1.5543226003646851       0.44036695    
   12.218017       1.5595442056655884       0.44136694    
   12.217116       1.5648871660232544       0.44236693    
   12.217116       1.5703533887863159       0.44336691    
   12.216216       1.5757944583892822       0.44436690    
   12.215316       1.5812891721725464       0.44536689    
   12.214416       1.5868164300918579       0.44636688    
   12.213515       1.5923976898193359       0.44736686    
   12.212615       1.5980297327041626       0.44836685    
   12.211715       1.6037157773971558       0.44936684    
   12.210814       1.6094821691513062       0.45036682    
   12.209914       1.6153414249420166       0.45136681    
   12.209014       1.6213097572326660       0.45236680    
   12.208114       1.6274447441101074       0.45336679    
   12.206313       1.6339284181594849       0.45436677    
   12.205413       1.6403508186340332       0.45536676    
   12.203612       1.6460334062576294       0.45636675    
   12.202712       1.6514840126037598       0.45736673    
   12.201812       1.6569889783859253       0.45836672    
   12.200011       1.6625097990036011       0.45936671    
   12.199111       1.6681753396987915       0.46036670    
   12.197310       1.6738313436508179       0.46136668    
   12.195510       1.6794784069061279       0.46236667    
   12.194610       1.6849390268325806       0.46336666    
   12.192809       1.6901458501815796       0.46436664    
   12.191909       1.6954177618026733       0.46536663    
   12.190108       1.7006453275680542       0.46636662    
   12.188308       1.7058658599853516       0.46736661    
   12.187407       1.7111586332321167       0.46836659    
   12.185607       1.7164167165756226       0.46936658    
   12.183806       1.7216850519180298       0.47036657    
   12.182006       1.7269641160964966       0.47136655    
   12.180205       1.7322663068771362       0.47236654    
   12.178405       1.7375601530075073       0.47336653    
   12.176604       1.7428752183914185       0.47436652    
   12.174804       1.7482041120529175       0.47536650    
   12.173003       1.7535510063171387       0.47636649    
   12.171203       1.7589013576507568       0.47736648    
   12.168502       1.7642315626144409       0.47836646    
   12.166701       1.7696245908737183       0.47936645    
   12.164901       1.7750350236892700       0.48036644    
   12.162200       1.7804245948791504       0.48136643    
   12.160399       1.7858927249908447       0.48236641    
   12.157699       1.7913312911987305       0.48336640    
   12.155898       1.7968701124191284       0.48436639    
   12.153197       1.8023934364318848       0.48536637    
   12.150496       1.8079783916473389       0.48636636    
   12.147796       1.8136472702026367       0.48736635    
   12.145095       1.8194587230682373       0.48836634    
   12.142394       1.8256030082702637       0.48936632    
   12.139693       1.8314995765686035       0.49036631    
   12.136992       1.8365359306335449       0.49136630    
   12.134292       1.8413188457489014       0.49236628    
   12.131591       1.8462026119232178       0.49336627    
   12.128890       1.8510633707046509       0.49436626    
   12.126189       1.8559130430221558       0.49536625    
   12.123488       1.8607580661773682       0.49636623    
   12.120788       1.8655828237533569       0.49736622    
   12.118087       1.8703954219818115       0.49836621    
   12.115386       1.8752127885818481       0.49936619    
   12.112685       1.8800104856491089       0.50036621    
   12.109984       1.8847880363464355       0.50136620    
   12.107284       1.8895771503448486       0.50236619    
   12.103683       1.8943016529083252       0.50336617    
   12.100982       1.8990337848663330       0.50436616    
   12.098281       1.9037598371505737       0.50536615    
   12.094680       1.9084019660949707       0.50636613    
   12.091979       1.9130542278289795       0.50736612    
   12.088378       1.9176076650619507       0.50836611    
   12.085677       1.9221518039703369       0.50936610    
   12.082076       1.9265763759613037       0.51036608    
   12.079375       1.9308500289916992       0.51136607    
   12.075774       1.9348125457763672       0.51236606    
   12.073073       1.9391885995864868       0.51336604    
   12.069472       1.9442077875137329       0.51436603    
   12.064971       1.9493399858474731       0.51536602    
   12.061370       1.9545860290527344       0.51636600    
   12.056869       1.9595850706100464       0.51736599    
   12.053267       1.9642224311828613       0.51836598    
   12.049666       1.9687292575836182       0.51936597    
   12.046065       1.9732532501220703       0.52036595    
   12.041564       1.9777200222015381       0.52136594    
   12.037963       1.9822409152984619       0.52236593    
   12.033462       1.9866816997528076       0.52336591    
   12.029860       1.9911770820617676       0.52436590    
   12.025359       1.9956325292587280       0.52536589    
   12.021758       2.0001227855682373       0.52636588    
   12.017257       2.0045659542083740       0.52736586    
   12.012755       2.0090143680572510       0.52836585    
   12.008254       2.0134494304656982       0.52936584    
   12.003753       2.0178983211517334       0.53036582    
   11.999251       2.0223662853240967       0.53136581    
   11.994750       2.0268268585205078       0.53236580    
   11.990249       2.0313315391540527       0.53336579    
   11.985747       2.0358710289001465       0.53436577    
   11.980346       2.0404324531555176       0.53536576    
   11.974944       2.0449922084808350       0.53636575    
   11.971343       2.0489673614501953       0.53736573    
   11.966842       2.0527586936950684       0.53836572    
   11.961440       2.0573155879974365       0.53936571    
   11.956038       2.0614655017852783       0.54036570    
   11.952437       2.0650553703308105       0.54136568    
   11.947936       2.0686304569244385       0.54236567    
   11.943435       2.0721886157989502       0.54336566    
   11.938933       2.0756931304931641       0.54436564    
   11.934432       2.0791769027709961       0.54536563    
   11.929931       2.0826284885406494       0.54636562    
   11.925429       2.0860610008239746       0.54736561    
   11.920928       2.0894448757171631       0.54836559    
   11.916427       2.0928206443786621       0.54936558    
   11.911925       2.0961544513702393       0.55036557    
   11.907424       2.0994560718536377       0.55136555    
   11.902923       2.1027350425720215       0.55236554    
   11.898421       2.1059865951538086       0.55336553    
   11.893920       2.1092016696929932       0.55436552    
   11.889419       2.1124041080474854       0.55536550    
   11.884017       2.1155402660369873       0.55636549    
   11.879516       2.1186830997467041       0.55736548    
   11.875014       2.1217887401580811       0.55836546    
   11.870513       2.1248819828033447       0.55936545    
   11.865111       2.1278848648071289       0.56036544    
   11.860610       2.1309180259704590       0.56136543    
   11.855208       2.1338977813720703       0.56236541    
   11.850707       2.1368811130523682       0.56336540    
   11.846206       2.1398186683654785       0.56436539    
   11.840804       2.1427068710327148       0.56536537    
   11.836303       2.1456191539764404       0.56636536    
   11.830901       2.1484563350677490       0.56736535    
   11.825500       2.1512587070465088       0.56836534    
   11.820998       2.1540892124176025       0.56936532    
   11.815597       2.1568369865417480       0.57036531    
   11.811095       2.1596190929412842       0.57136530    
   11.805694       2.1623215675354004       0.57236528    
   11.800292       2.1649887561798096       0.57336527    
   11.794890       2.1676552295684814       0.57436526    
   11.790389       2.1703360080718994       0.57536525    
   11.784987       2.1729390621185303       0.57636523    
   11.779586       2.1755230426788330       0.57736522    
   11.774184       2.1780662536621094       0.57836521    
   11.768783       2.1805949211120605       0.57936519    
   11.763381       2.1831114292144775       0.58036518    
   11.757979       2.1855931282043457       0.58136517    
   11.752578       2.1880464553833008       0.58236516    
   11.747176       2.1904993057250977       0.58336514    
   11.741775       2.1929068565368652       0.58436513    
   11.736373       2.1953117847442627       0.58536512    
   11.730971       2.1976673603057861       0.58636510    
   11.725570       2.2000298500061035       0.58736509    
   11.720168       2.2023782730102539       0.58836508    
   11.713866       2.2046525478363037       0.58936507    
   11.708465       2.2069356441497803       0.59036505    
   11.703063       2.2092037200927734       0.59136504    
   11.696761       2.2114248275756836       0.59236503    
   11.691360       2.2135953903198242       0.59336501    
   11.685958       2.2156143188476563       0.59436500    
   11.681457       2.2175984382629395       0.59536499    
   11.676055       2.2195138931274414       0.59636497    
   11.670653       2.2214000225067139       0.59736496    
   11.665252       2.2232768535614014       0.59836495    
   11.659850       2.2251145839691162       0.59936494    
   11.654449       2.2269449234008789       0.60036492    
   11.649947       2.2287805080413818       0.60136491    
   11.644546       2.2305669784545898       0.60236490    
   11.639144       2.2323305606842041       0.60336488    
   11.633742       2.2340617179870605       0.60436487    
   11.628341       2.2357771396636963       0.60536486    
   11.622939       2.2374618053436279       0.60636485    
   11.617537       2.2391166687011719       0.60736483    
   11.612136       2.2407724857330322       0.60836482    
   11.606734       2.2423956394195557       0.60936481    
   11.601333       2.2439882755279541       0.61036479    
   11.595931       2.2455720901489258       0.61136478    
   11.590529       2.2471318244934082       0.61236477    
   11.585128       2.2486681938171387       0.61336476    
   11.580626       2.2502205371856689       0.61436474    
   11.574325       2.2516829967498779       0.61536473    
   11.568923       2.2531638145446777       0.61636472    
   11.563521       2.2546219825744629       0.61736470    
   11.558120       2.2560529708862305       0.61836469    
   11.552718       2.2574644088745117       0.61936468    
   11.547317       2.2588644027709961       0.62036467    
   11.541915       2.2602510452270508       0.62136465    
   11.536513       2.2616078853607178       0.62236464    
   11.531112       2.2629489898681641       0.62336463    
   11.525710       2.2642629146575928       0.62436461    
   11.520308       2.2655899524688721       0.62536460    
   11.514907       2.2667868137359619       0.62636459    
   11.510406       2.2677669525146484       0.62736458    
   11.505004       2.2689383029937744       0.62836456    
   11.498702       2.2703025341033936       0.62936455    
   11.493300       2.2714629173278809       0.63036454    
   11.488799       2.2725291252136230       0.63136452    
   11.483397       2.2735707759857178       0.63236451    
   11.478896       2.2746193408966064       0.63336450    
   11.473495       2.2756044864654541       0.63436449    
   11.468993       2.2766287326812744       0.63536447    
   11.463592       2.2775893211364746       0.63636446    
   11.459090       2.2785856723785400       0.63736445    
   11.453689       2.2795052528381348       0.63836443    
   11.449187       2.2804522514343262       0.63936442    
   11.443786       2.2813558578491211       0.64036441    
   11.439284       2.2822713851928711       0.64136440    
   11.433883       2.2831356525421143       0.64236438    
   11.429381       2.2840290069580078       0.64336437    
   11.423980       2.2848510742187500       0.64436436    
   11.419478       2.2857177257537842       0.64536434    
   11.414977       2.2865669727325439       0.64636433    
   11.409575       2.2873291969299316       0.64736432    
   11.405074       2.2881579399108887       0.64836431    
   11.399673       2.2889053821563721       0.64936429    
   11.395171       2.2896823883056641       0.65036428    
   11.389770       2.2904081344604492       0.65136427    
   11.385268       2.2911646366119385       0.65236425    
   11.380767       2.2918953895568848       0.65336424    
   11.375365       2.2925865650177002       0.65436423    
   11.370864       2.2932853698730469       0.65536422    
   11.365462       2.2939453125000000       0.65636420    
   11.360961       2.2946181297302246       0.65736419    
   11.356460       2.2952961921691895       0.65836418    
   11.351058       2.2958998680114746       0.65936416    
   11.346557       2.2965431213378906       0.66036415    
   11.342055       2.2971718311309814       0.66136414    
   11.336654       2.2977466583251953       0.66236413    
   11.332152       2.2983412742614746       0.66336411    
   11.327651       2.2989151477813721       0.66436410    
   11.323150       2.2994928359985352       0.66536409    
   11.317748       2.3000025749206543       0.66636407    
   11.313247       2.3005516529083252       0.66736406    
   11.308745       2.3010973930358887       0.66836405    
   11.304244       2.3016190528869629       0.66936404    
   11.298842       2.3020846843719482       0.67036402    
   11.294341       2.3025808334350586       0.67136401    
   11.289840       2.3030643463134766       0.67236400    
   11.285338       2.3035469055175781       0.67336398    
   11.280837       2.3040027618408203       0.67436397    
   11.276336       2.3044581413269043       0.67536396    
   11.271834       2.3049013614654541       0.67636395    
   11.266433       2.3052835464477539       0.67736393    
   11.261931       2.3057019710540771       0.67836392    
   11.257430       2.3060994148254395       0.67936391    
   11.252929       2.3065035343170166       0.68036389    
   11.248427       2.3068873882293701       0.68136388    
   11.243926       2.3072514533996582       0.68236387    
   11.239425       2.3076202869415283       0.68336385    
   11.234923       2.3079645633697510       0.68436384    
   11.230422       2.3083121776580811       0.68536383    
   11.225921       2.3086440563201904       0.68636382    
   11.221419       2.3089601993560791       0.68736380    
   11.216918       2.3092794418334961       0.68836379    
   11.212417       2.3095712661743164       0.68936378    
   11.208816       2.3099031448364258       0.69036376    
   11.204314       2.3101828098297119       0.69136375    
   11.199813       2.3104650974273682       0.69236374    
   11.195312       2.3107211589813232       0.69336373    
   11.190810       2.3109748363494873       0.69436371    
   11.186309       2.3112137317657471       0.69536370    
   11.182708       2.3114931583404541       0.69636369    
   11.178206       2.3117234706878662       0.69736367    
   11.173705       2.3119456768035889       0.69836366    
   11.169204       2.3121471405029297       0.69936365    
   11.165603       2.3123881816864014       0.70036364    
   11.161101       2.3125846385955811       0.70136362    
   11.156600       2.3127629756927490       0.70236361    
   11.152999       2.3129780292510986       0.70336360    
   11.148498       2.3131470680236816       0.70436358    
   11.143996       2.3133044242858887       0.70536357    
   11.140395       2.3134956359863281       0.70636356    
   11.135894       2.3136413097381592       0.70736355    
   11.132293       2.3138165473937988       0.70836353    
   11.127791       2.3139510154724121       0.70936352    
   11.124190       2.3140983581542969       0.71036351    
   11.119689       2.3142094612121582       0.71136349    
   11.116088       2.3143537044525146       0.71236348    
   11.111587       2.3144609928131104       0.71336347    
   11.107985       2.3145909309387207       0.71436346    
   11.103484       2.3146851062774658       0.71536344    
   11.099883       2.3147990703582764       0.71636343    
   11.096282       2.3149077892303467       0.71736342    
   11.091781       2.3149654865264893       0.71836340    
   11.088180       2.3150591850280762       0.71936339    
   11.084579       2.3151569366455078       0.72036338    
   11.080077       2.3152019977569580       0.72136337    
   11.076476       2.3152890205383301       0.72236335    
   11.072875       2.3153486251831055       0.72336334    
   11.069274       2.3154158592224121       0.72436333    
   11.065673       2.3154795169830322       0.72536331    
   11.061172       2.3154954910278320       0.72636330    
   11.057570       2.3155448436737061       0.72736329    
   11.053969       2.3155856132507324       0.72836328    
   11.050368       2.3156249523162842       0.72936326    
   11.046767       2.3156533241271973       0.73036325    
   11.043166       2.3156757354736328       0.73136324    
   11.039565       2.3157033920288086       0.73236322    
   11.035964       2.3157200813293457       0.73336321    
   11.032363       2.3157222270965576       0.73436320    
   11.028762       2.3157336711883545       0.73536319    
   11.025161       2.3157277107238770       0.73636317    
   11.021560       2.3157308101654053       0.73736316    
   11.017959       2.3157186508178711       0.73836315    
   11.014358       2.3157074451446533       0.73936313    
   11.010756       2.3156795501708984       0.74036312    
   11.007155       2.3156578540802002       0.74136311    
   11.004455       2.3156607151031494       0.74236310    
   11.000854       2.3156318664550781       0.74336308    
   10.997252       2.3155963420867920       0.74436307    
   10.993651       2.3155508041381836       0.74536306    
   10.990951       2.3155436515808105       0.74636304    
   10.987350       2.3154902458190918       0.74736303    
   10.983748       2.3154430389404297       0.74836302    
   10.981048       2.3154151439666748       0.74936301    
   10.977447       2.3153536319732666       0.75036299    
   10.973845       2.3152787685394287       0.75136298    
   10.971145       2.3152551651000977       0.75236297    
   10.967544       2.3151865005493164       0.75336295    
   10.963943       2.3151121139526367       0.75436294    
   10.961242       2.3150653839111328       0.75536293    
   10.957641       2.3149940967559814       0.75636292    
   10.954040       2.3148965835571289       0.75736290    
   10.951339       2.3148512840270996       0.75836289    
   10.947738       2.3147568702697754       0.75936288    
   10.945037       2.3147001266479492       0.76036286    
   10.941436       2.3146054744720459       0.76136285    
   10.938735       2.3145360946655273       0.76236284    
   10.935134       2.3144376277923584       0.76336282    
   10.932433       2.3143584728240967       0.76436281    
   10.928832       2.3142518997192383       0.76536280    
   10.926131       2.3141791820526123       0.76636279    
   10.922530       2.3140580654144287       0.76736277    
   10.919829       2.3139762878417969       0.76836276    
   10.917129       2.3138911724090576       0.76936275    
   10.913527       2.3137633800506592       0.77036273    
   10.910827       2.3136715888977051       0.77136272    
   10.908126       2.3135855197906494       0.77236271    
   10.904525       2.3134393692016602       0.77336270    
   10.901824       2.3133473396301270       0.77436268    
   10.899123       2.3132436275482178       0.77536267    
   10.896422       2.3131365776062012       0.77636266    
   10.892821       2.3129959106445313       0.77736264    
   10.890121       2.3128886222839355       0.77836263    
   10.887420       2.3127782344818115       0.77936262    
   10.884719       2.3126630783081055       0.78036261    
   10.882018       2.3125433921813965       0.78136259    
   10.878417       2.3123850822448730       0.78236258    
   10.875716       2.3122723102569580       0.78336257    
   10.873015       2.3121540546417236       0.78436255    
   10.870315       2.3120222091674805       0.78536254    
   10.867614       2.3119010925292969       0.78636253    
   10.864913       2.3117654323577881       0.78736252    
   10.862212       2.3116352558135986       0.78836250    
   10.859511       2.3114995956420898       0.78936249    
   10.856811       2.3113644123077393       0.79036248    
   10.854110       2.3112342357635498       0.79136246    
   10.851409       2.3110992908477783       0.79236245    
   10.848708       2.3109543323516846       0.79336244    
   10.846007       2.3108181953430176       0.79436243    
   10.843307       2.3106763362884521       0.79536241    
   10.841506       2.3105654716491699       0.79636240    
   10.838805       2.3104217052459717       0.79736239    
   10.836104       2.3102774620056152       0.79836237    
   10.833404       2.3101267814636230       0.79936236    
   10.830703       2.3099730014801025       0.80036235    
   10.828002       2.3098313808441162       0.80136234    
   10.826201       2.3097052574157715       0.80236232    
   10.823501       2.3095464706420898       0.80336231    
   10.820800       2.3093938827514648       0.80436230    
   10.818999       2.3092744350433350       0.80536228    
   10.816298       2.3091115951538086       0.80636227    
   10.813598       2.3089549541473389       0.80736226    
   10.810897       2.3087933063507080       0.80836225    
   10.809096       2.3086726665496826       0.80936223    
   10.806396       2.3085002899169922       0.81036222    
   10.804595       2.3083732128143311       0.81136221    
   10.801894       2.3082137107849121       0.81236219    
   10.799193       2.3080325126647949       0.81336218    
   10.797393       2.3079161643981934       0.81436217    
   10.794692       2.3077437877655029       0.81536216    
   10.792892       2.3076012134552002       0.81636214    
   10.790191       2.3074445724487305       0.81736213    
   10.788390       2.3073074817657471       0.81836212    
   10.785689       2.3071243762969971       0.81936210    
   10.783889       2.3069818019866943       0.82036209    
   10.781188       2.3068087100982666       0.82136208    
   10.779387       2.3066811561584473       0.82236207    
   10.776687       2.3064866065979004       0.82336205    
   10.774886       2.3063573837280273       0.82436204    
   10.773086       2.3062179088592529       0.82536203    
   10.770385       2.3060383796691895       0.82636201    
   10.768584       2.3058984279632568       0.82736200    
   10.766784       2.3057649135589600       0.82836199    
   10.764083       2.3055806159973145       0.82936198    
   10.762282       2.3054294586181641       0.83036196    
   10.760482       2.3052868843078613       0.83136195    
   10.757781       2.3051023483276367       0.83236194    
   10.755980       2.3049602508544922       0.83336192    
   10.754180       2.3048214912414551       0.83436191    
   10.752379       2.3046741485595703       0.83536190    
   10.750579       2.3045339584350586       0.83636189    
   10.747878       2.3043353557586670       0.83736187    
   10.746078       2.3041815757751465       0.83836186    
   10.744277       2.3040411472320557       0.83936185    
   10.742476       2.3038880825042725       0.84036183    
   10.740676       2.3037500381469727       0.84136182    
   10.738875       2.3035948276519775       0.84236181    
   10.737075       2.3034570217132568       0.84336179    
   10.735274       2.3033061027526855       0.84436178    
   10.733474       2.3031446933746338       0.84536177    
   10.731673       2.3029885292053223       0.84636176    
   10.729873       2.3028414249420166       0.84736174    
   10.727172       2.3026559352874756       0.84836173    
   10.725371       2.3025050163269043       0.84936172    
   10.724471       2.3023903369903564       0.85036170    
   10.722671       2.3022253513336182       0.85136169    
   10.720870       2.3020770549774170       0.85236168    
   10.719069       2.3019278049468994       0.85336167    
   10.717269       2.3017728328704834       0.85436165    
   10.715468       2.3016195297241211       0.85536164    
   10.713668       2.3014628887176514       0.85636163    
   10.711867       2.3013076782226563       0.85736161    
   10.710067       2.3011486530303955       0.85836160    
   10.708266       2.3009994029998779       0.85936159    
   10.706466       2.3008389472961426       0.86036158    
   10.704665       2.3006813526153564       0.86136156    
   10.702865       2.3005294799804688       0.86236155    
   10.701964       2.3004145622253418       0.86336154    
   10.700164       2.3002572059631348       0.86436152    
   10.698363       2.3000969886779785       0.86536151    
   10.696563       2.2999362945556641       0.86636150    
   10.694762       2.2997806072235107       0.86736149    
   10.693862       2.2996573448181152       0.86836147    
   10.692061       2.2995057106018066       0.86936146    
   10.690261       2.2993395328521729       0.87036145    
   10.688460       2.2991867065429688       0.87136143    
   10.686660       2.2990274429321289       0.87236142    
   10.685760       2.2988994121551514       0.87336141    
   10.683959       2.2987458705902100       0.87436140    
   10.682158       2.2985835075378418       0.87536138    
   10.680358       2.2984299659729004       0.87636137    
   10.679458       2.2983112335205078       0.87736136    
   10.677657       2.2981421947479248       0.87836134    
   10.675857       2.2979702949523926       0.87936133    
   10.674956       2.2978603839874268       0.88036132    
   10.673156       2.2976949214935303       0.88136131    
   10.671355       2.2975304126739502       0.88236129    
   10.670455       2.2974228858947754       0.88336128    
   10.668654       2.2972609996795654       0.88436127    
   10.666854       2.2970943450927734       0.88536125    
   10.665954       2.2969746589660645       0.88636124    
   10.664153       2.2968134880065918       0.88736123    
   10.663253       2.2966897487640381       0.88836122    
   10.661452       2.2965211868286133       0.88936120    
   10.659652       2.2963733673095703       0.89036119    
   10.658751       2.2962446212768555       0.89136118    
   10.656951       2.2960813045501709       0.89236116    
   10.656051       2.2959594726562500       0.89336115    
   10.654250       2.2957890033721924       0.89436114    
   10.652450       2.2956309318542480       0.89536113    
   10.651549       2.2955074310302734       0.89636111    
   10.649749       2.2953422069549561       0.89736110    
   10.648849       2.2952198982238770       0.89836109    
   10.647048       2.2950553894042969       0.89936107    
   10.646148       2.2949352264404297       0.90036106    
   10.644347       2.2947649955749512       0.90136105    
   10.643447       2.2946476936340332       0.90236104    
   10.641646       2.2944788932800293       0.90336102    
   10.640746       2.2943441867828369       0.90436101    
   10.638946       2.2941854000091553       0.90536100    
   10.638045       2.2940621376037598       0.90636098    
   10.636245       2.2938971519470215       0.90736097    
   10.635345       2.2937729358673096       0.90836096    
   10.633544       2.2936079502105713       0.90936095    
   10.632644       2.2934865951538086       0.91036093    
   10.630843       2.2933206558227539       0.91136092    
   10.629943       2.2931957244873047       0.91236091    
   10.628142       2.2930321693420410       0.91336089    
   10.627242       2.2929024696350098       0.91436088    
   10.626342       2.2927696704864502       0.91536087    
   10.624541       2.2926158905029297       0.91636086    
   10.623641       2.2924852371215820       0.91736084    
   10.621840       2.2923231124877930       0.91836083    
   10.620940       2.2921931743621826       0.91936082    
   10.619140       2.2920324802398682       0.92036080    
   10.618239       2.2919020652770996       0.92136079    
   10.617339       2.2917783260345459       0.92236078    
   10.615539       2.2916114330291748       0.92336076    
   10.614638       2.2914893627166748       0.92436075    
   10.612838       2.2913212776184082       0.92536074    
   10.611938       2.2911887168884277       0.92636073    
   10.611037       2.2910635471343994       0.92736071    
   10.609237       2.2908961772918701       0.92836070    
   10.608336       2.2907714843750000       0.92936069    
   10.607436       2.2906463146209717       0.93036067    
   10.605636       2.2904789447784424       0.93136066    
   10.604735       2.2903466224670410       0.93236065    
   10.603835       2.2902152538299561       0.93336064    
   10.602035       2.2900600433349609       0.93436062    
   10.601134       2.2899303436279297       0.93536061    
   10.600234       2.2898020744323730       0.93636060    
   10.598433       2.2896277904510498       0.93736058    
   10.597533       2.2895147800445557       0.93836057    
   10.596633       2.2893707752227783       0.93936056    
   10.594832       2.2892150878906250       0.94036055    
   10.593932       2.2890853881835938       0.94136053    
   10.593032       2.2889568805694580       0.94236052    
   10.591231       2.2887868881225586       0.94336051    
   10.590331       2.2886641025543213       0.94436049    
   10.589431       2.2885265350341797       0.94536048    
   10.587630       2.2883634567260742       0.94636047    
   10.586730       2.2882366180419922       0.94736046    
   10.585830       2.2881000041961670       0.94836044    
   10.584929       2.2879788875579834       0.94936043    
   10.583129       2.2878062725067139       0.95036042    
   10.582229       2.2876880168914795       0.95136040    
   10.581328       2.2875463962554932       0.95236039    
   10.580428       2.2874174118041992       0.95336038    
   10.578628       2.2872498035430908       0.95436037    
   10.577727       2.2871160507202148       0.95536035    
   10.576827       2.2870016098022461       0.95636034    
   10.575927       2.2868652343750000       0.95736033    
   10.574126       2.2866978645324707       0.95836031    
   10.573226       2.2865633964538574       0.95936030    
   10.572326       2.2864348888397217       0.96036029    
   10.571425       2.2863104343414307       0.96136028    
   10.569625       2.2861361503601074       0.96236026    
   10.568725       2.2860090732574463       0.96336025    
   10.567824       2.2858805656433105       0.96436024    
   10.566924       2.2857463359832764       0.96536022    
   10.565124       2.2855758666992188       0.96636021    
   10.564223       2.2854504585266113       0.96736020    
   10.563323       2.2853174209594727       0.96836019    
   10.562423       2.2851870059967041       0.96936017    
   10.561522       2.2850575447082520       0.97036016    
   10.559722       2.2848784923553467       0.97136015    
   10.558822       2.2847545146942139       0.97236013    
   10.557921       2.2846186161041260       0.97336012    
   10.557021       2.2844932079315186       0.97436011    
   10.556121       2.2843694686889648       0.97536010    
   10.554320       2.2841887474060059       0.97636008    
   10.553420       2.2840616703033447       0.97736007    
   10.552520       2.2839221954345703       0.97836006    
   10.551620       2.2837953567504883       0.97936004    
   10.550719       2.2836616039276123       0.98036003    
   10.548919       2.2834944725036621       0.98136002    
   10.548018       2.2833538055419922       0.98236001    
   10.547118       2.2832314968109131       0.98335999    
   10.546218       2.2830951213836670       0.98435998    
   10.545318       2.2829637527465820       0.98535997    
   10.544417       2.2828288078308105       0.98635995    
   10.542617       2.2826576232910156       0.98735994    
   10.541717       2.2825300693511963       0.98835993    
   10.540816       2.2823882102966309       0.98935992    
   10.539916       2.2822620868682861       0.99035990    
   10.539016       2.2821321487426758       0.99135989    
   10.538116       2.2819886207580566       0.99235988    
   10.536315       2.2818231582641602       0.99335986    
   10.535415       2.2816939353942871       0.99435985    
   10.534514       2.2815561294555664       0.99535984    
   10.533614       2.2814211845397949       0.99635983    
   10.532714       2.2812876701354980       0.99735981    
   10.531814       2.2811484336853027       0.99835980    
   10.530913       2.2810192108154297       0.99935979    
   10.529113       2.2808465957641602        1.0003598    
   10.528213       2.2807040214538574        1.0013598    
   10.527312       2.2805721759796143        1.0023599    
   10.526412       2.2804446220397949        1.0033599    
   10.525512       2.2803130149841309        1.0043600    
   10.524611       2.2801637649536133        1.0053600    
   10.523711       2.2800333499908447        1.0063601    
   10.521911       2.2798683643341064        1.0073601    
   10.521010       2.2797276973724365        1.0083601    
   10.520110       2.2795855998992920        1.0093602    
   10.519210       2.2794601917266846        1.0103602    
   10.518310       2.2793250083923340        1.0113603    
   10.517409       2.2791883945465088        1.0123603    
   10.516509       2.2790491580963135        1.0133604    
   10.515609       2.2789092063903809        1.0143604    
   10.513808       2.2787377834320068        1.0153605    
   10.512908       2.2785985469818115        1.0163605    
   10.512008       2.2784640789031982        1.0173606    
   10.511107       2.2783310413360596        1.0183606    
   10.510207       2.2781956195831299        1.0193607    
   10.509307       2.2780525684356689        1.0203607    
   10.508407       2.2779133319854736        1.0213608    
   10.507506       2.2777864933013916        1.0223608    
   10.506606       2.2776451110839844        1.0233608    
   10.504806       2.2774629592895508        1.0243609    
   10.503905       2.2773289680480957        1.0253609    
   10.503005       2.2771956920623779        1.0263610    
   10.502105       2.2770500183105469        1.0273610    
   10.501204       2.2769205570220947        1.0283611    
   10.500304       2.2767746448516846        1.0293611    
   10.499404       2.2766475677490234        1.0303612    
   10.498504       2.2765009403228760        1.0313612    
   10.497603       2.2763652801513672        1.0323613    
   10.496703       2.2762136459350586        1.0333613    
   10.494903       2.2760484218597412        1.0343614    
   10.494002       2.2759084701538086        1.0353614    
   10.493102       2.2757651805877686        1.0363615    
   10.492202       2.2756280899047852        1.0373615    
   10.491302       2.2754867076873779        1.0383615    
   10.490401       2.2753496170043945        1.0393616    
   10.489501       2.2751948833465576        1.0403616    
   10.488601       2.2750656604766846        1.0413617    
   10.487700       2.2749197483062744        1.0423617    
   10.486800       2.2747893333435059        1.0433618    
   10.485900       2.2746396064758301        1.0443618    
   10.484099       2.2744698524475098        1.0453619    
   10.483199       2.2743203639984131        1.0463619    
   10.482299       2.2741849422454834        1.0473620    
   10.481399       2.2740314006805420        1.0483620    
   10.480498       2.2739007472991943        1.0493621    
   10.479598       2.2737557888031006        1.0503621    
   10.478698       2.2736172676086426        1.0513622    
   10.477798       2.2734739780426025        1.0523622    
   10.476897       2.2733380794525146        1.0533623    
   10.475997       2.2731850147247314        1.0543623    
   10.475097       2.2730419635772705        1.0553623    
   10.474196       2.2729089260101318        1.0563624    
   10.473296       2.2727890014648438        1.0573624    
   10.472396       2.2726864814758301        1.0583625    
   10.471496       2.2725868225097656        1.0593625    
   10.471496       2.2725186347961426        1.0603626    
   10.470595       2.2724139690399170        1.0613626    
   10.469695       2.2722952365875244        1.0623627    
   10.469695       2.2722167968750000        1.0633627    
   10.468795       2.2721054553985596        1.0643628    
   10.467895       2.2719874382019043        1.0653628    
   10.466994       2.2718682289123535        1.0663629    
   10.466094       2.2717516422271729        1.0673629    
   10.465194       2.2716286182403564        1.0683630    
   10.465194       2.2715454101562500        1.0693630    
   10.464293       2.2714231014251709        1.0703630    
   10.463393       2.2713000774383545        1.0713631    
   10.462493       2.2711687088012695        1.0723631    
   10.461593       2.2710444927215576        1.0733632    
   10.460692       2.2709164619445801        1.0743632    
   10.459792       2.2707984447479248        1.0753633    
   10.459792       2.2707107067108154        1.0763633    
   10.458892       2.2705867290496826        1.0773634    
   10.457992       2.2704460620880127        1.0783634    
   10.457091       2.2703304290771484        1.0793635    
   10.456191       2.2701857089996338        1.0803635    
   10.455291       2.2700676918029785        1.0813636    
   10.454391       2.2699403762817383        1.0823636    
   10.453490       2.2698054313659668        1.0833637    
   10.452590       2.2696778774261475        1.0843637    
   10.451690       2.2695415019989014        1.0853637    
   10.451690       2.2694475650787354        1.0863638    
   10.450789       2.2693154811859131        1.0873638    
   10.449889       2.2691895961761475        1.0883639    
   10.448989       2.2690424919128418        1.0893639    
   10.448089       2.2689197063446045        1.0903640    
   10.447188       2.2687869071960449        1.0913640    
   10.446288       2.2686541080474854        1.0923641    
   10.445388       2.2685163021087646        1.0933641    
   10.444488       2.2683796882629395        1.0943642    
   10.443587       2.2682471275329590        1.0953642    
   10.442687       2.2681133747100830        1.0963643    
   10.441787       2.2679769992828369        1.0973643    
   10.440886       2.2678444385528564        1.0983644    
   10.440886       2.2677388191223145        1.0993644    
   10.439986       2.2675991058349609        1.1003644    
   10.439086       2.2674725055694580        1.1013645    
   10.438186       2.2673242092132568        1.1023645    
   10.437285       2.2671883106231689        1.1033646    
   10.436385       2.2670512199401855        1.1043646    
   10.435485       2.2669131755828857        1.1053647    
   10.434585       2.2667753696441650        1.1063647    
   10.433684       2.2666392326354980        1.1073648    
   10.432784       2.2665019035339355        1.1083648    
   10.431884       2.2663605213165283        1.1093649    
   10.430984       2.2662274837493896        1.1103649    
   10.430083       2.2660794258117676        1.1113650    
   10.429183       2.2659444808959961        1.1123650    
   10.428283       2.2658030986785889        1.1133651    
   10.427382       2.2656681537628174        1.1143651    
   10.427382       2.2655611038208008        1.1153651    
   10.426482       2.2654178142547607        1.1163652    
   10.425582       2.2652728557586670        1.1173652    
   10.424682       2.2651298046112061        1.1183653    
   10.423781       2.2649857997894287        1.1193653    
   10.422881       2.2648406028747559        1.1203654    
   10.421981       2.2647142410278320        1.1213654    
   10.421081       2.2645573616027832        1.1223655    
   10.420180       2.2644248008728027        1.1233655    
   10.419280       2.2642765045166016        1.1243656    
   10.418380       2.2641377449035645        1.1253656    
   10.417480       2.2639811038970947        1.1263657    
   10.416579       2.2638487815856934        1.1273657    
   10.415679       2.2637057304382324        1.1283658    
   10.414779       2.2635531425476074        1.1293658    
   10.413878       2.2634119987487793        1.1303658    
   10.412978       2.2632651329040527        1.1313659    
   10.412078       2.2631220817565918        1.1323659    
   10.411178       2.2629742622375488        1.1333660    
   10.410277       2.2628390789031982        1.1343660    
   10.410277       2.2627186775207520        1.1353661    
   10.409377       2.2625741958618164        1.1363661    
   10.408477       2.2624328136444092        1.1373662    
   10.407577       2.2622787952423096        1.1383662    
   10.406676       2.2621362209320068        1.1393663    
   10.405776       2.2619919776916504        1.1403663    
   10.404876       2.2618415355682373        1.1413664    
   10.403975       2.2616925239562988        1.1423664    
   10.403075       2.2615482807159424        1.1433665    
   10.402175       2.2614018917083740        1.1443665    
   10.401275       2.2612466812133789        1.1453665    
   10.400374       2.2610983848571777        1.1463666    
   10.399474       2.2609503269195557        1.1473666    
   10.398574       2.2608036994934082        1.1483667    
   10.397674       2.2606511116027832        1.1493667    
   10.396773       2.2605082988739014        1.1503668    
   10.395873       2.2603533267974854        1.1513668    
   10.394973       2.2602062225341797        1.1523669    
   10.394073       2.2600610256195068        1.1533669    
   10.393172       2.2599103450775146        1.1543670    
   10.392272       2.2597510814666748        1.1553670    
   10.391372       2.2596020698547363        1.1563671    
   10.390471       2.2594575881958008        1.1573671    
   10.389571       2.2593011856079102        1.1583672    
   10.389571       2.2591941356658936        1.1593672    
   10.388671       2.2590465545654297        1.1603673    
   10.387771       2.2588989734649658        1.1613673    
   10.386870       2.2587468624114990        1.1623673    
   10.385970       2.2585954666137695        1.1633674    
   10.385070       2.2584519386291504        1.1643674    
   10.384170       2.2582948207855225        1.1653675    
   10.383269       2.2581460475921631        1.1663675    
   10.382369       2.2579977512359619        1.1673676    
   10.381469       2.2578451633453369        1.1683676    
   10.380569       2.2576959133148193        1.1693677    
   10.379668       2.2575509548187256        1.1703677    
   10.378768       2.2573935985565186        1.1713678    
   10.377868       2.2572433948516846        1.1723678    
   10.376967       2.2570896148681641        1.1733679    
   10.376067       2.2569417953491211        1.1743679    
   10.376067       2.2568230628967285        1.1753680    
   10.375167       2.2566690444946289        1.1763680    
   10.374267       2.2565112113952637        1.1773680    
   10.373366       2.2563641071319580        1.1783681    
   10.372466       2.2562077045440674        1.1793681    
   10.371566       2.2560546398162842        1.1803682    
   10.370666       2.2559051513671875        1.1813682    
   10.369765       2.2557411193847656        1.1823683    
   10.368865       2.2555911540985107        1.1833683    
   10.367965       2.2554378509521484        1.1843684    
   10.367064       2.2552812099456787        1.1853684    
   10.366164       2.2551214694976807        1.1863685    
   10.365264       2.2549698352813721        1.1873685    
   10.364364       2.2548182010650635        1.1883686    
   10.363463       2.2546625137329102        1.1893686    
   10.362563       2.2545080184936523        1.1903687    
   10.361663       2.2543470859527588        1.1913687    
   10.360763       2.2541840076446533        1.1923687    
   10.359862       2.2540266513824463        1.1933688    
   10.358962       2.2538797855377197        1.1943688    
   10.358062       2.2537140846252441        1.1953689    
   10.358062       2.2535943984985352        1.1963689    
   10.357162       2.2534408569335938        1.1973690    
   10.356261       2.2532868385314941        1.1983690    
   10.355361       2.2531206607818604        1.1993691    
   10.354461       2.2529604434967041        1.2003691    
   10.353560       2.2527992725372314        1.2013692    
   10.352660       2.2526392936706543        1.2023692    
   10.351760       2.2524838447570801        1.2033693    
   10.350860       2.2523286342620850        1.2043693    
   10.349959       2.2521657943725586        1.2053694    
   10.349059       2.2520074844360352        1.2063694    
   10.348159       2.2518424987792969        1.2073694    
   10.347259       2.2516839504241943        1.2083695    
   10.346358       2.2515194416046143        1.2093695    
   10.345458       2.2513577938079834        1.2103696    
   10.344558       2.2512021064758301        1.2113696    
   10.343657       2.2510385513305664        1.2123697    
   10.342757       2.2508850097656250        1.2133697    
   10.341857       2.2507205009460449        1.2143698    
   10.340957       2.2505548000335693        1.2153698    
   10.340056       2.2503921985626221        1.2163699    
   10.339156       2.2502231597900391        1.2173699    
   10.338256       2.2500760555267334        1.2183700    
   10.337356       2.2499008178710938        1.2193700    
   10.336455       2.2497472763061523        1.2203701    
   10.335555       2.2495801448822021        1.2213701    
   10.334655       2.2494192123413086        1.2223701    
   10.334655       2.2492823600769043        1.2233702    
   10.333755       2.2491269111633301        1.2243702    
   10.332854       2.2489628791809082        1.2253703    
   10.331954       2.2487914562225342        1.2263703    
   10.331054       2.2486376762390137        1.2273704    
   10.330153       2.2484748363494873        1.2283704    
   10.329253       2.2483026981353760        1.2293705    
   10.328353       2.2481350898742676        1.2303705    
   10.327453       2.2479679584503174        1.2313706    
   10.326552       2.2478120326995850        1.2323706    
   10.325652       2.2476689815521240        1.2333707    
   10.325652       2.2475943565368652        1.2343707    
   10.324752       2.2474873065948486        1.2353708    
   10.323852       2.2473695278167725        1.2363708    
   10.323852       2.2473034858703613        1.2373708    
   10.322951       2.2471854686737061        1.2383709    
   10.322951       2.2471013069152832        1.2393709    
   10.322051       2.2469866275787354        1.2403710    
   10.321151       2.2468645572662354        1.2413710    
   10.321151       2.2467787265777588        1.2423711    
   10.320251       2.2466573715209961        1.2433711    
   10.319350       2.2465245723724365        1.2443712    
   10.319350       2.2464368343353271        1.2453712    
   10.318450       2.2463116645812988        1.2463713    
   10.317550       2.2461757659912109        1.2473713    
   10.317550       2.2460854053497314        1.2483714    
   10.316649       2.2459554672241211        1.2493714    
   10.315749       2.2458207607269287        1.2503715    
   10.315749       2.2457358837127686        1.2513715    
   10.314849       2.2455914020538330        1.2523715    
   10.313949       2.2454583644866943        1.2533716    
   10.313048       2.2453267574310303        1.2543716    
   10.313048       2.2452208995819092        1.2553717    
   10.312148       2.2450866699218750        1.2563717    
   10.311248       2.2449524402618408        1.2573718    
   10.311248       2.2448489665985107        1.2583718    
   10.310348       2.2447104454040527        1.2593719    
   10.309447       2.2445743083953857        1.2603719    
   10.308547       2.2444376945495605        1.2613720    
   10.308547       2.2443327903747559        1.2623720    
   10.307647       2.2441864013671875        1.2633721    
   10.306746       2.2440452575683594        1.2643721    
   10.305846       2.2439069747924805        1.2653722    
   10.305846       2.2437937259674072        1.2663722    
   10.304946       2.2436587810516357        1.2673723    
   10.304046       2.2435188293457031        1.2683723    
   10.303145       2.2433707714080811        1.2693723    
   10.302245       2.2432260513305664        1.2703724    
   10.302245       2.2431192398071289        1.2713724    
   10.301345       2.2429714202880859        1.2723725    
   10.300445       2.2428376674652100        1.2733725    
   10.299544       2.2426857948303223        1.2743726    
   10.299544       2.2425782680511475        1.2753726    
   10.298644       2.2424237728118896        1.2763727    
   10.297744       2.2422842979431152        1.2773727    
   10.296844       2.2421391010284424        1.2783728    
   10.295943       2.2419908046722412        1.2793728    
   10.295943       2.2418732643127441        1.2803729    
   10.295043       2.2417299747467041        1.2813729    
   10.294143       2.2415876388549805        1.2823730    
   10.293242       2.2414355278015137        1.2833730    
   10.293242       2.2413256168365479        1.2843730    
   10.292342       2.2411663532257080        1.2853731    
   10.291442       2.2410225868225098        1.2863731    
   10.290542       2.2408742904663086        1.2873732    
   10.289641       2.2407240867614746        1.2883732    
   10.289641       2.2406013011932373        1.2893733    
   10.288741       2.2404639720916748        1.2903733    
   10.287841       2.2403116226196289        1.2913734    
   10.286941       2.2401602268218994        1.2923734    
   10.286040       2.2400050163269043        1.2933735    
   10.285140       2.2398464679718018        1.2943735    
   10.285140       2.2397427558898926        1.2953736    
   10.284240       2.2395899295806885        1.2963736    
   10.283340       2.2394275665283203        1.2973737    
   10.282439       2.2392764091491699        1.2983737    
   10.281539       2.2391278743743896        1.2993737    
   10.281539       2.2390074729919434        1.3003738    
   10.280639       2.2388458251953125        1.3013738    
   10.279738       2.2386958599090576        1.3023739    
   10.278838       2.2385499477386475        1.3033739    
   10.277938       2.2383940219879150        1.3043740    
   10.277938       2.2382702827453613        1.3053740    
   10.277038       2.2381148338317871        1.3063741    
   10.276137       2.2379629611968994        1.3073741    
   10.275237       2.2378022670745850        1.3083742    
   10.274337       2.2376487255096436        1.3093742    
   10.273437       2.2375011444091797        1.3103743    
   10.273437       2.2373716831207275        1.3113743    
   10.272536       2.2372212409973145        1.3123744    
   10.271636       2.2370676994323730        1.3133744    
   10.270736       2.2368962764739990        1.3143744    
   10.269835       2.2367453575134277        1.3153745    
   10.269835       2.2366220951080322        1.3163745    
   10.268935       2.2364616394042969        1.3173746    
   10.268035       2.2363078594207764        1.3183746    
   10.267135       2.2361412048339844        1.3193747    
   10.266234       2.2359881401062012        1.3203747    
   10.265334       2.2358367443084717        1.3213748    
   10.265334       2.2356970310211182        1.3223748    
   10.264434       2.2355425357818604        1.3233749    
   10.263534       2.2353785037994385        1.3243749    
   10.262633       2.2352192401885986        1.3253750    
   10.261733       2.2350621223449707        1.3263750    
   10.260833       2.2348949909210205        1.3273751    
   10.260833       2.2347712516784668        1.3283751    
   10.259933       2.2346241474151611        1.3293751    
   10.259032       2.2344453334808350        1.3303752    
   10.258132       2.2342834472656250        1.3313752    
   10.257232       2.2341256141662598        1.3323753    
   10.256331       2.2339608669281006        1.3333753    
   10.255431       2.2337946891784668        1.3343754    
   10.255431       2.2336664199829102        1.3353754    
   10.254531       2.2335045337677002        1.3363755    
   10.253631       2.2333452701568604        1.3373755    
   10.252730       2.2331707477569580        1.3383756    
   10.251830       2.2330102920532227        1.3393756    
   10.250930       2.2328453063964844        1.3403757    
   10.250030       2.2326838970184326        1.3413757    
   10.250030       2.2325456142425537        1.3423758    
   10.249129       2.2323729991912842        1.3433758    
   10.248229       2.2322006225585938        1.3443758    
   10.247329       2.2320396900177002        1.3453759    
   10.246428       2.2318716049194336        1.3463759    
   10.245528       2.2316994667053223        1.3473760    
   10.244628       2.2315330505371094        1.3483760    
   10.244628       2.2314083576202393        1.3493761    
   10.243728       2.2312314510345459        1.3503761    
   10.242827       2.2310469150543213        1.3513762    
   10.241927       2.2308766841888428        1.3523762    
   10.241027       2.2307050228118896        1.3533763    
   10.240127       2.2305302619934082        1.3543763    
   10.239226       2.2303564548492432        1.3553764    
   10.238326       2.2301826477050781        1.3563764    
   10.237426       2.2300176620483398        1.3573765    
   10.237426       2.2298836708068848        1.3583765    
   10.236526       2.2297081947326660        1.3593765    
   10.235625       2.2295424938201904        1.3603766    
   10.234725       2.2293784618377686        1.3613766    
   10.233825       2.2292139530181885        1.3623767    
   10.232924       2.2290382385253906        1.3633767    
   10.232024       2.2288691997528076        1.3643768    
   10.232024       2.2287445068359375        1.3653768    
   10.231124       2.2285630702972412        1.3663769    
   10.230224       2.2283976078033447        1.3673769    
   10.229323       2.2282335758209229        1.3683770    
   10.228423       2.2280685901641846        1.3693770    
   10.227523       2.2278993129730225        1.3703771    
   10.227523       2.2277646064758301        1.3713771    
   10.226623       2.2275979518890381        1.3723772    
   10.225722       2.2274386882781982        1.3733772    
   10.224822       2.2272682189941406        1.3743773    
   10.223922       2.2270975112915039        1.3753773    
   10.223022       2.2269332408905029        1.3763773    
   10.223022       2.2268016338348389        1.3773774    
   10.222121       2.2266399860382080        1.3783774    
   10.221221       2.2264707088470459        1.3793775    
   10.220321       2.2263031005859375        1.3803775    
   10.219420       2.2261397838592529        1.3813776    
   10.218520       2.2259783744812012        1.3823776    
   10.218520       2.2258443832397461        1.3833777    
   10.217620       2.2256896495819092        1.3843777    
   10.216720       2.2255332469940186        1.3853778    
   10.215819       2.2253606319427490        1.3863778    
   10.215819       2.2252509593963623        1.3873779    
   10.214919       2.2250826358795166        1.3883779    
   10.214019       2.2249200344085693        1.3893780    
   10.213119       2.2247636318206787        1.3903780    
   10.212218       2.2246050834655762        1.3913780    
   10.212218       2.2244808673858643        1.3923781    
   10.211318       2.2243270874023438        1.3933781    
   10.210418       2.2241623401641846        1.3943782    
   10.209517       2.2240054607391357        1.3953782    
   10.209517       2.2238981723785400        1.3963783    
   10.208617       2.2237398624420166        1.3973783    
   10.207717       2.2235741615295410        1.3983784    
   10.206817       2.2234230041503906        1.3993784    
   10.206817       2.2233176231384277        1.4003785    
   10.205916       2.2231597900390625        1.4013785    
   10.205016       2.2230052947998047        1.4023786    
   10.205016       2.2228958606719971        1.4033786    
   10.204116       2.2227475643157959        1.4043787    
   10.203216       2.2225782871246338        1.4053787    
   10.202315       2.2224085330963135        1.4063787    
   10.201415       2.2222354412078857        1.4073788    
   10.200515       2.2220473289489746        1.4083788    
   10.200515       2.2219152450561523        1.4093789    
   10.199615       2.2217385768890381        1.4103789    
   10.198714       2.2215533256530762        1.4113790    
   10.197814       2.2213847637176514        1.4123790    
   10.196914       2.2212111949920654        1.4133791    
   10.196013       2.2210302352905273        1.4143791    
   10.195113       2.2208592891693115        1.4153792    
   10.195113       2.2207133769989014        1.4163792    
   10.194213       2.2205474376678467        1.4173793    
   10.193313       2.2203667163848877        1.4183793    
   10.192412       2.2201895713806152        1.4193794    
   10.191512       2.2200121879577637        1.4203794    
   10.190612       2.2198343276977539        1.4213794    
   10.189712       2.2196519374847412        1.4223795    
   10.189712       2.2195255756378174        1.4233795    
   10.188811       2.2193527221679688        1.4243796    
   10.187911       2.2191638946533203        1.4253796    
   10.187011       2.2189977169036865        1.4263797    
   10.186110       2.2188239097595215        1.4273797    
   10.185210       2.2186379432678223        1.4283798    
   10.185210       2.2184972763061523        1.4293798    
   10.184310       2.2183203697204590        1.4303799    
   10.183410       2.2181441783905029        1.4313799    
   10.182509       2.2179827690124512        1.4323800    
   10.181609       2.2177953720092773        1.4333800    
   10.180709       2.2176189422607422        1.4343801    
   10.179809       2.2174537181854248        1.4353801    
   10.179809       2.2173020839691162        1.4363801    
   10.178908       2.2171373367309570        1.4373802    
   10.178008       2.2169489860534668        1.4383802    
   10.177108       2.2167677879333496        1.4393803    
   10.176208       2.2166013717651367        1.4403803    
