   4.6746283      1.43558634445071220E-002  4.73679490E-02
   4.7898016      1.55529584735631943E-002  4.83679473E-02
   4.8968768      1.67377814650535583E-002  4.93679456E-02
   4.9985533      1.79289355874061584E-002  5.03679439E-02
   5.0957308      1.91319212317466736E-002  5.13679422E-02
   5.1893091      2.03540287911891937E-002  5.23679405E-02
   5.2801881      2.16041710227727890E-002  5.33679388E-02
   5.3692675      2.28927619755268097E-002  5.43679371E-02
   5.4565473      2.42202933877706528E-002  5.53679354E-02
   5.5429273      2.55964789539575577E-002  5.63679338E-02
   5.6275077      2.70100533962249756E-002  5.73679321E-02
   5.7102885      2.84593366086483002E-002  5.83679304E-02
   5.7912698      2.99426410347223282E-002  5.93679287E-02
   5.8704515      3.14581505954265594E-002  6.03679270E-02
   5.9487333      3.30165326595306396E-002  6.13679253E-02
   6.0243158      3.45927178859710693E-002  6.23679236E-02
   6.0989985      3.62102761864662170E-002  6.33679256E-02
   6.1718817      3.78560461103916168E-002  6.43679276E-02
   6.2438650      3.95424589514732361E-002  6.53679296E-02
   6.3149486      4.12692613899707794E-002  6.63679317E-02
   6.3842325      4.30220998823642731E-002  6.73679337E-02
   6.4526167      4.48138937354087830E-002  6.83679357E-02
   6.5192013      4.66296635568141937E-002  6.93679377E-02
   6.5857859      4.84978631138801575E-002  7.03679398E-02
   6.6505709      5.03881573677062988E-002  7.13679418E-02
   6.7144561      5.23146279156208038E-002  7.23679438E-02
   6.7774415      5.42768053710460663E-002  7.33679458E-02
   6.8395271      5.62736950814723969E-002  7.43679479E-02
   6.9007130      5.83047792315483093E-002  7.53679499E-02
   6.9609990      6.03695847094058990E-002  7.63679519E-02
   7.0203853      6.24681040644645691E-002  7.73679540E-02
   7.0779719      6.45823329687118530E-002  7.83679560E-02
   7.1364584      6.67648091912269592E-002  7.93679580E-02
   7.1931453      6.89617767930030823E-002  8.03679600E-02
   7.2489324      7.11901262402534485E-002  8.13679621E-02
   7.3047194      7.34669491648674011E-002  8.23679641E-02
   7.3587070      7.57542625069618225E-002  8.33679661E-02
   7.4126945      7.80884549021720886E-002  8.43679681E-02
   7.4657822      8.04512798786163330E-002  8.53679702E-02
   7.5179701      8.28415378928184509E-002  8.63679722E-02
   7.5701580      8.52793306112289429E-002  8.73679742E-02
   7.6214461      8.77444222569465637E-002  8.83679762E-02
   7.6718345      9.02369916439056396E-002  8.93679783E-02
   7.7213230      9.27545577287673950E-002  9.03679803E-02
   7.7708116      9.53186005353927612E-002  9.13679823E-02
   7.8194003      9.79082509875297546E-002  9.23679844E-02
   7.8670893      0.10052149742841721       9.33679864E-02
   7.9147782      0.10317974537611008       9.43679884E-02
   7.9615674      0.10585996508598328       9.53679904E-02
   8.0083609      0.10858488082885742       9.63679925E-02
   8.0542746      0.11133279651403427       9.73679945E-02
   8.0992880      0.11410222202539444       9.83679965E-02
   8.1443014      0.11691571772098541       9.93679985E-02
   8.1884146      0.11974971741437912       0.10036800    
   8.2325277      0.12262678891420364       0.10136800    
   8.2757406      0.12552253901958466       0.10236800    
   8.3180532      0.12843725085258484       0.10336801    
   8.3603659      0.13139511644840240       0.10436801    
   8.4026785      0.13439680635929108       0.10536801    
   8.4440908      0.13741680979728699       0.10636801    
   8.4855032      0.14047637581825256       0.10736801    
   8.5260153      0.14355045557022095       0.10836802    
   8.5656271      0.14663812518119812       0.10936802    
   8.6052389      0.14976651966571808       0.11036802    
   8.6448507      0.15293729305267334       0.11136802    
   8.6835623      0.15612426400184631       0.11236802    
   8.7222738      0.15935134887695313       0.11336803    
   8.7609854      0.16261652112007141       0.11436803    
   8.7978964      0.16586697101593018       0.11536803    
   8.8357077      0.16918145120143890       0.11636803    
   8.8726187      0.17250740528106689       0.11736804    
   8.9095297      0.17587164044380188       0.11836804    
   8.9455404      0.17924787104129791       0.11936804    
   8.9815512      0.18266011774539948       0.12036804    
   9.0166616      0.18608434498310089       0.12136804    
   9.0517721      0.18954767286777496       0.12236805    
   9.0868826      0.19304941594600677       0.12336805    
   9.1210928      0.19656185805797577       0.12436805    
   9.1553030      0.20010948181152344       0.12536804    
   9.1895132      0.20369233191013336       0.12636805    
   9.2228231      0.20728091895580292       0.12736805    
   9.2561331      0.21090441942214966       0.12836805    
   9.2894430      0.21456436812877655       0.12936805    
   9.3218527      0.21822795271873474       0.13036805    
   9.3542624      0.22192379832267761       0.13136806    
   9.3857718      0.22562459111213684       0.13236806    
   9.4172812      0.22935999929904938       0.13336806    
   9.4487906      0.23313273489475250       0.13436806    
   9.4802999      0.23694050312042236       0.13536806    
   9.5109091      0.24075129628181458       0.13636807    
   9.5415182      0.24459579586982727       0.13736807    
   9.5721273      0.24847826361656189       0.13836807    
   9.6018362      0.25236400961875916       0.13936807    
   9.6315451      0.25627571344375610       0.14036807    
   9.6603537      0.26017066836357117       0.14136808    
   9.6891623      0.26407390832901001       0.14236808    
   9.7179708      0.26799067854881287       0.14336808    
   9.7458792      0.27189654111862183       0.14436808    
   9.7737875      0.27582427859306335       0.14536808    
   9.8007956      0.27973940968513489       0.14636809    
   9.8278036      0.28367543220520020       0.14736809    
   9.8548117      0.28762742877006531       0.14836809    
   9.8809195      0.29156377911567688       0.14936809    
   9.9070272      0.29551947116851807       0.15036809    
   9.9331350      0.29950091242790222       0.15136810    
   9.9583426      0.30347365140914917       0.15236810    
   9.9835501      0.30747070908546448       0.15336810    
   10.008758      0.31148636341094971       0.15436810    
   10.033065      0.31548979878425598       0.15536810    
   10.058272      0.31955140829086304       0.15636811    
   10.082580      0.32360222935676575       0.15736811    
   10.105987      0.32763496041297913       0.15836811    
   10.130294      0.33172118663787842       0.15936811    
   10.153701      0.33579483628273010       0.16036811    
   10.177108      0.33989572525024414       0.16136812    
   10.199615      0.34398519992828369       0.16236812    
   10.223022      0.34812894463539124       0.16336812    
   10.245528      0.35225430130958557       0.16436812    
   10.268035      0.35639792680740356       0.16536812    
   10.290542      0.36056551337242126       0.16636813    
   10.312148      0.36472010612487793       0.16736813    
   10.333755      0.36889904737472534       0.16836813    
   10.355361      0.37309679388999939       0.16936813    
   10.376967      0.37730786204338074       0.17036813    
   10.397674      0.38149994611740112       0.17136814    
   10.419280      0.38575980067253113       0.17236814    
   10.439986      0.39000785350799561       0.17336814    
   10.460692      0.39427110552787781       0.17436814    
   10.481399      0.39854255318641663       0.17536815    
   10.501204      0.40279674530029297       0.17636815    
   10.521010      0.40708133578300476       0.17736815    
   10.541717      0.41142490506172180       0.17836815    
   10.561522      0.41574355959892273       0.17936815    
   10.580428      0.42004114389419556       0.18036816    
   10.600234      0.42439827322959900       0.18136816    
   10.619140      0.42874071002006531       0.18236816    
   10.638045      0.43310862779617310       0.18336816    
   10.656951      0.43749043345451355       0.18436816    
   10.675857      0.44188135862350464       0.18536817    
   10.694762      0.44628563523292542       0.18636817    
   10.712768      0.45067578554153442       0.18736817    
   10.730773      0.45509815216064453       0.18836817    
   10.748778      0.45954227447509766       0.18936817    
   10.766784      0.46400198340415955       0.19036818    
   10.784789      0.46847051382064819       0.19136818    
   10.802794      0.47295507788658142       0.19236818    
   10.819900      0.47741767764091492       0.19336818    
   10.837005      0.48189932107925415       0.19436818    
   10.855010      0.48643893003463745       0.19536819    
   10.871215      0.49091377854347229       0.19636819    
   10.888320      0.49544483423233032       0.19736819    
   10.905425      0.49999308586120605       0.19836819    
   10.921630      0.50451618432998657       0.19936819    
   10.938735      0.50909560918807983       0.20036820    
   10.954940      0.51365625858306885       0.20136820    
   10.971145      0.51823884248733521       0.20236820    
   10.987350      0.52283364534378052       0.20336820    
   11.002654      0.52740240097045898       0.20436820    
   11.018859      0.53203147649765015       0.20536821    
   11.034163      0.53663712739944458       0.20636821    
   11.050368      0.54130125045776367       0.20736821    
   11.065673      0.54593831300735474       0.20836821    
   11.080977      0.55058622360229492       0.20936821    
   11.096282      0.55525010824203491       0.21036822    
   11.110686      0.55988323688507080       0.21136822    
   11.125991      0.56458163261413574       0.21236822    
   11.140395      0.56924861669540405       0.21336822    
   11.155700      0.57397252321243286       0.21436822    
   11.170104      0.57866841554641724       0.21536823    
   11.184508      0.58338326215744019       0.21636823    
   11.198913      0.58812201023101807       0.21736823    
   11.213317      0.59286731481552124       0.21836823    
   11.226821      0.59757965803146362       0.21936823    
   11.241225      0.60235404968261719       0.22036824    
   11.254729      0.60710388422012329       0.22136824    
   11.268233      0.61186575889587402       0.22236824    
   11.282638      0.61667793989181519       0.22336824    
   11.296142      0.62145495414733887       0.22436824    
   11.308745      0.62620311975479126       0.22536825    
   11.322249      0.63102066516876221       0.22636825    
   11.335753      0.63585656881332397       0.22736825    
   11.349257      0.64070421457290649       0.22836825    
   11.361861      0.64550733566284180       0.22936825    
   11.374465      0.65033173561096191       0.23036826    
   11.387069      0.65517139434814453       0.23136826    
   11.400573      0.66006505489349365       0.23236826    
   11.413177      0.66492074728012085       0.23336826    
   11.424880      0.66974937915802002       0.23436826    
   11.437484      0.67463481426239014       0.23536827    
   11.450088      0.67952942848205566       0.23636827    
   11.461791      0.68438929319381714       0.23736827    
   11.474395      0.68931216001510620       0.23836827    
   11.486098      0.69420564174652100       0.23936827    
   11.497802      0.69911104440689087       0.24036828    
   11.509505      0.70401984453201294       0.24136828    
   11.521209      0.70894265174865723       0.24236828    
   11.532912      0.71386128664016724       0.24336828    
   11.544616      0.71880894899368286       0.24436828    
   11.556319      0.72382861375808716       0.24536829    
   11.567122      0.72866284847259521       0.24636829    
   11.577025      0.73298943042755127       0.24736829    
   11.585128      0.73676544427871704       0.24836829    
   11.593230      0.74028670787811279       0.24936830    
   11.600432      0.74362903833389282       0.25036830    
   11.607635      0.74688833951950073       0.25136828    
   11.614837      0.75010281801223755       0.25236827    
   11.621139      0.75322401523590088       0.25336826    
   11.628341      0.75636494159698486       0.25436825    
   11.634643      0.75942862033843994       0.25536823    
   11.640944      0.76247096061706543       0.25636822    
   11.647246      0.76548987627029419       0.25736821    
   11.653548      0.76848751306533813       0.25836819    
   11.659850      0.77146929502487183       0.25936818    
   11.665252      0.77439707517623901       0.26036817    
   11.671554      0.77735996246337891       0.26136816    
   11.676955      0.78026390075683594       0.26236814    
   11.683257      0.78319478034973145       0.26336813    
   11.688659      0.78605443239212036       0.26436812    
   11.694060      0.78891062736511230       0.26536810    
   11.699462      0.79177153110504150       0.26636809    
   11.704864      0.79463696479797363       0.26736808    
   11.710265      0.79748886823654175       0.26836807    
   11.715667      0.80033153295516968       0.26936805    
   11.721068      0.80316489934921265       0.27036804    
   11.725570      0.80593800544738770       0.27136803    
   11.730971      0.80875581502914429       0.27236801    
   11.736373      0.81157302856445313       0.27336800    
   11.740874      0.81434768438339233       0.27436799    
   11.745376      0.81712073087692261       0.27536798    
   11.750777      0.81993949413299561       0.27636796    
   11.755279      0.82269322872161865       0.27736795    
   11.759780      0.82543230056762695       0.27836794    
   11.764281      0.82816207408905029       0.27936792    
   11.768783      0.83090335130691528       0.28036791    
   11.773284      0.83365219831466675       0.28136790    
   11.777785      0.83640921115875244       0.28236789    
   11.782287      0.83915805816650391       0.28336787    
   11.785888      0.84185731410980225       0.28436786    
   11.790389      0.84460473060607910       0.28536785    
   11.794890      0.84733861684799194       0.28636783    
   11.798491      0.85002905130386353       0.28736782    
   11.802993      0.85275465250015259       0.28836781    
   11.806594      0.85542678833007813       0.28936779    
   11.810195      0.85810184478759766       0.29036778    
   11.813796      0.86078125238418579       0.29136777    
   11.818297      0.86351943016052246       0.29236776    
   11.821898      0.86621248722076416       0.29336774    
   11.825500      0.86889880895614624       0.29436773    
   11.829101      0.87157058715820313       0.29536772    
   11.832702      0.87424135208129883       0.29636770    
   11.836303      0.87692552804946899       0.29736769    
   11.839904      0.87962150573730469       0.29836768    
   11.842605      0.88226729631423950       0.29936767    
   11.846206      0.88496398925781250       0.30036765    
   11.849807      0.88765639066696167       0.30136764    
   11.853408      0.89035564661026001       0.30236763    
   11.856109      0.89300137758255005       0.30336761    
   11.859710      0.89570373296737671       0.30436760    
   11.862411      0.89835977554321289       0.30536759    
   11.865111      0.90101331472396851       0.30636758    
   11.868712      0.90370899438858032       0.30736756    
   11.871413      0.90636110305786133       0.30836755    
   11.874114      0.90900605916976929       0.30936754    
   11.877715      0.91169738769531250       0.31036752    
   11.880416      0.91434049606323242       0.31136751    
   11.883117      0.91698104143142700       0.31236750    
   11.885818      0.91963046789169312       0.31336749    
   11.888518      0.92228567600250244       0.31436747    
   11.891219      0.92495507001876831       0.31536746    
   11.893920      0.92762649059295654       0.31636745    
   11.895720      0.93025147914886475       0.31736743    
   11.898421      0.93292880058288574       0.31836742    
   11.901122      0.93560272455215454       0.31936741    
   11.903823      0.93826222419738770       0.32036740    
   11.905623      0.94085901975631714       0.32136738    
   11.908324      0.94351774454116821       0.32236737    
   11.910125      0.94616305828094482       0.32336736    
   11.912826      0.94887679815292358       0.32436734    
   11.914626      0.95151954889297485       0.32536733    
   11.917327      0.95418989658355713       0.32636732    
   11.919127      0.95679968595504761       0.32736731    
   11.920928      0.95942723751068115       0.32836729    
   11.923629      0.96213197708129883       0.32936728    
   11.925429      0.96480149030685425       0.33036727    
   11.927230      0.96745526790618896       0.33136725    
   11.929030      0.97007954120635986       0.33236724    
   11.930831      0.97269618511199951       0.33336723    
   11.932631      0.97533869743347168       0.33436722    
   11.934432      0.97802358865737915       0.33536720    
   11.936233      0.98072308301925659       0.33636719    
   11.938033      0.98337364196777344       0.33736718    
   11.939834      0.98600822687149048       0.33836716    
   11.941634      0.98867356777191162       0.33936715    
   11.943435      0.99137431383132935       0.34036714    
   11.944335      0.99402642250061035       0.34136713    
   11.946136      0.99671697616577148       0.34236711    
   11.947936      0.99938750267028809       0.34336710    
   11.948836       1.0019990205764771       0.34436709    
   11.950637       1.0046544075012207       0.34536707    
   11.951537       1.0072853565216064       0.34636706    
   11.953338       1.0099867582321167       0.34736705    
   11.954238       1.0126396417617798       0.34836704    
   11.956038       1.0153346061706543       0.34936702    
   11.956939       1.0179790258407593       0.35036701    
   11.958739       1.0206795930862427       0.35136700    
   11.959640       1.0233242511749268       0.35236698    
   11.960540       1.0259770154953003       0.35336697    
   11.962340       1.0287055969238281       0.35436696    
   11.963241       1.0313882827758789       0.35536695    
   11.964141       1.0340427160263062       0.35636693    
   11.965041       1.0366834402084351       0.35736692    
   11.965941       1.0393424034118652       0.35836691    
   11.966842       1.0420105457305908       0.35936689    
   11.967742       1.0446691513061523       0.36036688    
   11.968642       1.0473603010177612       0.36136687    
   11.969543       1.0500888824462891       0.36236686    
   11.970443       1.0528191328048706       0.36336684    
   11.971343       1.0555080175399780       0.36436683    
   11.972243       1.0581468343734741       0.36536682    
   11.973144       1.0608040094375610       0.36636680    
   11.974044       1.0635222196578979       0.36736679    
   11.974044       1.0661896467208862       0.36836678    
   11.974944       1.0688682794570923       0.36936677    
   11.975844       1.0715737342834473       0.37036675    
   11.975844       1.0742702484130859       0.37136674    
   11.976745       1.0770153999328613       0.37236673    
   11.977645       1.0796912908554077       0.37336671    
   11.977645       1.0822818279266357       0.37436670    
   11.978545       1.0849530696868896       0.37536669    
   11.978545       1.0876616239547729       0.37636667    
   11.979445       1.0904556512832642       0.37736666    
   11.979445       1.0931636095046997       0.37836665    
   11.980346       1.0958447456359863       0.37936664    
   11.980346       1.0984869003295898       0.38036662    
   11.980346       1.1012014150619507       0.38136661    
   11.981246       1.1039803028106689       0.38236660    
   11.981246       1.1066716909408569       0.38336658    
   11.981246       1.1093465089797974       0.38436657    
   11.982146       1.1120589971542358       0.38536656    
   11.982146       1.1147370338439941       0.38636655    
   11.982146       1.1174510717391968       0.38736653    
   11.982146       1.1201865673065186       0.38836652    
   11.982146       1.1229155063629150       0.38936651    
   11.983047       1.1256614923477173       0.39036649    
   11.983047       1.1283378601074219       0.39136648    
   11.983047       1.1310417652130127       0.39236647    
   11.983047       1.1337592601776123       0.39336646    
   11.983047       1.1364492177963257       0.39436644    
   11.983047       1.1391667127609253       0.39536643    
   11.983047       1.1418929100036621       0.39636642    
   11.983047       1.1445864439010620       0.39736640    
   11.983047       1.1472837924957275       0.39836639    
   11.982146       1.1500089168548584       0.39936638    
   11.982146       1.1527947187423706       0.40036637    
   11.982146       1.1555428504943848       0.40136635    
   11.982146       1.1582722663879395       0.40236634    
   11.982146       1.1609698534011841       0.40336633    
   11.981246       1.1635907888412476       0.40436631    
   11.981246       1.1663062572479248       0.40536630    
   11.981246       1.1690661907196045       0.40636629    
   11.981246       1.1718299388885498       0.40736628    
   11.980346       1.1745290756225586       0.40836626    
   11.980346       1.1772918701171875       0.40936625    
   11.979445       1.1799900531768799       0.41036624    
   11.979445       1.1827019453048706       0.41136622    
   11.979445       1.1854304075241089       0.41236621    
   11.978545       1.1881599426269531       0.41336620    
   11.978545       1.1909443140029907       0.41436619    
   11.977645       1.1936724185943604       0.41536617    
   11.977645       1.1964547634124756       0.41636616    
   11.976745       1.1991822719573975       0.41736615    
   11.976745       1.2018810510635376       0.41836613    
   11.975844       1.2044624090194702       0.41936612    
   11.974944       1.2071206569671631       0.42036611    
   11.974944       1.2099349498748779       0.42136610    
   11.974044       1.2126833200454712       0.42236608    
   11.973144       1.2154211997985840       0.42336607    
   11.973144       1.2182223796844482       0.42436606    
   11.972243       1.2209872007369995       0.42536604    
   11.971343       1.2237354516983032       0.42636603    
   11.970443       1.2264329195022583       0.42736602    
   11.970443       1.2291218042373657       0.42836601    
   11.969543       1.2318062782287598       0.42936599    
   11.968642       1.2345597743988037       0.43036598    
   11.967742       1.2373235225677490       0.43136597    
   11.966842       1.2400659322738647       0.43236595    
   11.966842       1.2428556680679321       0.43336594    
   11.965941       1.2455883026123047       0.43436593    
   11.965041       1.2482762336730957       0.43536592    
   11.964141       1.2509182691574097       0.43636590    
   11.963241       1.2535718679428101       0.43736589    
   11.962340       1.2562440633773804       0.43836588    
   11.961440       1.2589932680130005       0.43936586    
   11.960540       1.2618030309677124       0.44036585    
   11.959640       1.2646168470382690       0.44136584    
   11.958739       1.2673877477645874       0.44236583    
   11.957839       1.2701283693313599       0.44336581    
   11.956939       1.2728549242019653       0.44436580    
   11.955138       1.2755433320999146       0.44536579    
   11.954238       1.2782748937606812       0.44636577    
   11.953338       1.2809489965438843       0.44736576    
   11.952437       1.2835853099822998       0.44836575    
   11.951537       1.2862850427627563       0.44936574    
   11.950637       1.2890622615814209       0.45036572    
   11.949737       1.2918287515640259       0.45136571    
   11.947936       1.2945225238800049       0.45236570    
   11.947036       1.2972443103790283       0.45336568    
   11.946136       1.2999347448348999       0.45436567    
   11.945235       1.3026150465011597       0.45536566    
   11.943435       1.3053079843521118       0.45636564    
   11.942534       1.3080881834030151       0.45736563    
   11.941634       1.3108185529708862       0.45836562    
   11.939834       1.3134354352951050       0.45936561    
   11.938933       1.3160750865936279       0.46036559    
   11.938033       1.3187524080276489       0.46136558    
   11.936233       1.3214594125747681       0.46236557    
   11.935332       1.3242408037185669       0.46336555    
   11.933532       1.3269658088684082       0.46436554    
   11.932631       1.3297272920608521       0.46536553    
   11.930831       1.3324478864669800       0.46636552    
   11.929931       1.3351773023605347       0.46736550    
   11.928130       1.3378770351409912       0.46836549    
   11.927230       1.3406345844268799       0.46936548    
   11.925429       1.3432915210723877       0.47036546    
   11.924529       1.3459652662277222       0.47136545    
   11.922729       1.3486088514328003       0.47236544    
   11.921828       1.3512514829635620       0.47336543    
   11.920028       1.3538001775741577       0.47436541    
   11.919127       1.3564869165420532       0.47536540    
   11.917327       1.3591736555099487       0.47636539    
   11.915526       1.3618272542953491       0.47736537    
   11.914626       1.3645237684249878       0.47836536    
   11.912826       1.3671364784240723       0.47936535    
   11.911025       1.3697444200515747       0.48036534    
   11.910125       1.3724851608276367       0.48136532    
   11.908324       1.3752124309539795       0.48236531    
   11.906524       1.3779196739196777       0.48336530    
   11.905623       1.3806389570236206       0.48436528    
   11.903823       1.3832807540893555       0.48536527    
   11.902022       1.3859087228775024       0.48636526    
   11.900222       1.3885455131530762       0.48736525    
   11.898421       1.3911712169647217       0.48836523    
   11.897521       1.3938183784484863       0.48936522    
   11.895720       1.3963868618011475       0.49036521    
   11.893920       1.3989157676696777       0.49136519    
   11.892119       1.4015438556671143       0.49236518    
   11.890319       1.4042497873306274       0.49336517    
   11.889419       1.4069960117340088       0.49436516    
   11.887618       1.4096465110778809       0.49536514    
   11.885818       1.4122890233993530       0.49636513    
   11.884017       1.4149568080902100       0.49736512    
   11.882216       1.4176051616668701       0.49836510    
   11.880416       1.4202286005020142       0.49936509    
   11.878615       1.4228390455245972       0.50036508    
   11.876815       1.4254658222198486       0.50136507    
   11.875014       1.4280905723571777       0.50236505    
   11.873214       1.4307216405868530       0.50336504    
   11.871413       1.4333488941192627       0.50436503    
   11.869613       1.4359571933746338       0.50536501    
   11.867812       1.4385253190994263       0.50636500    
   11.866012       1.4410660266876221       0.50736499    
   11.864211       1.4435870647430420       0.50836498    
   11.862411       1.4460932016372681       0.50936496    
   11.860610       1.4485468864440918       0.51036495    
   11.858809       1.4509928226470947       0.51136494    
   11.857009       1.4535087347030640       0.51236492    
   11.855208       1.4560757875442505       0.51336491    
   11.853408       1.4586278200149536       0.51436490    
   11.851607       1.4612170457839966       0.51536489    
   11.849807       1.4638285636901855       0.51636487    
   11.847106       1.4663645029067993       0.51736486    
   11.845305       1.4689360857009888       0.51836485    
   11.843505       1.4715063571929932       0.51936483    
   11.841704       1.4740731716156006       0.52036482    
   11.839904       1.4766514301300049       0.52136481    
   11.837203       1.4791672229766846       0.52236480    
   11.835402       1.4817346334457397       0.52336478    
   11.833602       1.4843237400054932       0.52436477    
   11.830901       1.4868458509445190       0.52536476    
   11.829101       1.4893736839294434       0.52636474    
   11.827300       1.4919202327728271       0.52736473    
   11.825500       1.4944744110107422       0.52836472    
   11.822799       1.4969379901885986       0.52936471    
   11.820998       1.4994211196899414       0.53036469    
   11.819198       1.5018519163131714       0.53136468    
   11.817397       1.5042667388916016       0.53236467    
   11.814696       1.5065981149673462       0.53336465    
   11.812896       1.5089362859725952       0.53436464    
   11.811095       1.5112141370773315       0.53536463    
   11.809295       1.5134595632553101       0.53636461    
   11.807494       1.5157452821731567       0.53736460    
   11.804793       1.5180656909942627       0.53836459    
   11.802993       1.5204353332519531       0.53936458    
   11.801192       1.5227825641632080       0.54036456    
   11.799392       1.5251388549804688       0.54136455    
   11.796691       1.5274186134338379       0.54236454    
   11.794890       1.5297132730484009       0.54336452    
   11.793090       1.5320035219192505       0.54436451    
   11.790389       1.5342359542846680       0.54536450    
   11.788589       1.5365045070648193       0.54636449    
   11.786788       1.5387539863586426       0.54736447    
   11.784087       1.5409619808197021       0.54836446    
   11.782287       1.5431896448135376       0.54936445    
   11.780486       1.5454127788543701       0.55036443    
   11.777785       1.5475976467132568       0.55136442    
   11.775985       1.5497977733612061       0.55236441    
   11.774184       1.5519870519638062       0.55336440    
   11.772384       1.5541818141937256       0.55436438    
   11.769683       1.5563154220581055       0.55536437    
   11.767882       1.5585049390792847       0.55636436    
   11.765182       1.5606045722961426       0.55736434    
   11.763381       1.5627232789993286       0.55836433    
   11.761580       1.5648468732833862       0.55936432    
   11.758880       1.5669080018997192       0.56036431    
   11.757079       1.5689996480941772       0.56136429    
   11.755279       1.5710984468460083       0.56236428    
   11.752578       1.5731399059295654       0.56336427    
   11.750777       1.5752143859863281       0.56436425    
   11.748977       1.5772821903228760       0.56536424    
   11.746276       1.5792833566665649       0.56636423    
   11.744475       1.5813223123550415       0.56736422    
   11.742675       1.5833346843719482       0.56836420    
   11.739974       1.5853006839752197       0.56936419    
   11.738173       1.5872818231582642       0.57036418    
   11.736373       1.5892425775527954       0.57136416    
   11.733672       1.5911207199096680       0.57236415    
   11.731872       1.5929598808288574       0.57336414    
   11.730071       1.5947780609130859       0.57436413    
   11.727370       1.5966820716857910       0.57536411    
   11.725570       1.5986906290054321       0.57636410    
   11.723769       1.6007190942764282       0.57736409    
   11.721068       1.6026875972747803       0.57836407    
   11.719268       1.6046941280364990       0.57936406    
   11.716567       1.6066383123397827       0.58036405    
   11.714767       1.6086189746856689       0.58136404    
   11.712066       1.6105583906173706       0.58236402    
   11.709365       1.6124969720840454       0.58336401    
   11.707564       1.6144520044326782       0.58436400    
   11.704864       1.6163660287857056       0.58536398    
   11.703063       1.6183031797409058       0.58636397    
   11.700362       1.6201908588409424       0.58736396    
   11.698562       1.6221244335174561       0.58836395    
   11.695861       1.6239920854568481       0.58936393    
   11.694060       1.6258903741836548       0.59036392    
   11.691360       1.6277457475662231       0.59136391    
   11.689559       1.6296433210372925       0.59236389    
   11.686858       1.6315002441406250       0.59336388    
   11.684157       1.6333410739898682       0.59436387    
   11.682357       1.6352154016494751       0.59536386    
   11.679656       1.6370383501052856       0.59636384    
   11.677855       1.6389055252075195       0.59736383    
   11.675155       1.6407347917556763       0.59836382    
   11.672454       1.6425372362136841       0.59936380    
   11.670653       1.6443650722503662       0.60036379    
   11.667953       1.6461567878723145       0.60136378    
   11.666152       1.6479867696762085       0.60236377    
   11.663451       1.6497552394866943       0.60336375    
   11.660750       1.6515095233917236       0.60436374    
   11.658950       1.6533184051513672       0.60536373    
   11.656249       1.6550601720809937       0.60636371    
   11.653548       1.6567789316177368       0.60736370    
   11.651748       1.6585453748703003       0.60836369    
   11.649047       1.6602511405944824       0.60936368    
   11.646346       1.6619491577148438       0.61036366    
   11.644546       1.6636992692947388       0.61136365    
   11.641845       1.6653945446014404       0.61236364    
   11.640044       1.6671371459960938       0.61336362    
   11.637343       1.6688265800476074       0.61436361    
   11.634643       1.6705113649368286       0.61536360    
   11.631942       1.6721911430358887       0.61636358    
   11.630141       1.6739058494567871       0.61736357    
   11.627440       1.6755534410476685       0.61836356    
   11.624740       1.6771978139877319       0.61936355    
   11.622939       1.6788870096206665       0.62036353    
   11.620238       1.6805177927017212       0.62136352    
   11.617537       1.6821451187133789       0.62236351    
   11.615737       1.6838039159774780       0.62336349    
   11.613036       1.6854006052017212       0.62436348    
   11.610335       1.6869959831237793       0.62536347    
   11.608535       1.6886250972747803       0.62636346    
   11.605834       1.6902019977569580       0.62736344    
   11.603133       1.6917549371719360       0.62836343    
   11.601333       1.6933469772338867       0.62936342    
   11.598632       1.6948721408843994       0.63036340    
   11.595931       1.6963750123977661       0.63136339    
   11.594131       1.6978973150253296       0.63236338    
   11.591430       1.6993108987808228       0.63336337    
   11.589629       1.7007973194122314       0.63436335    
   11.586928       1.7023291587829590       0.63536334    
   11.584228       1.7038985490798950       0.63636333    
   11.581527       1.7054486274719238       0.63736331    
   11.578826       1.7069835662841797       0.63836330    
   11.577025       1.7085669040679932       0.63936329    
   11.574325       1.7100964784622192       0.64036328    
   11.571624       1.7116111516952515       0.64136326    
   11.568923       1.7131218910217285       0.64236325    
   11.566222       1.7146315574645996       0.64336324    
   11.563521       1.7161314487457275       0.64436322    
   11.561721       1.7176585197448730       0.64536321    
   11.559020       1.7191534042358398       0.64636320    
   11.556319       1.7206176519393921       0.64736319    
   11.553618       1.7220790386199951       0.64836317    
   11.550918       1.7235428094863892       0.64936316    
   11.548217       1.7250071763992310       0.65036315    
   11.546416       1.7265022993087769       0.65136313    
   11.543715       1.7279536724090576       0.65236312    
   11.541015       1.7293814420700073       0.65336311    
   11.538314       1.7308144569396973       0.65436310    
   11.535613       1.7322288751602173       0.65536308    
   11.532912       1.7336480617523193       0.65636307    
   11.531112       1.7350925207138062       0.65736306    
   11.528411       1.7364952564239502       0.65836304    
   11.525710       1.7378798723220825       0.65936303    
   11.523009       1.7392555475234985       0.66036302    
   11.520308       1.7406247854232788       0.66136301    
   11.517608       1.7419805526733398       0.66236299    
   11.515807       1.7433804273605347       0.66336298    
   11.513106       1.7447606325149536       0.66436297    
   11.510406       1.7461150884628296       0.66536295    
   11.507705       1.7474758625030518       0.66636294    
   11.505004       1.7488372325897217       0.66736293    
   11.502303       1.7501751184463501       0.66836292    
   11.499602       1.7515168190002441       0.66936290    
   11.496902       1.7528523206710815       0.67036289    
   11.494201       1.7541741132736206       0.67136288    
   11.491500       1.7554956674575806       0.67236286    
   11.489699       1.7568519115447998       0.67336285    
   11.486999       1.7581505775451660       0.67436284    
   11.484298       1.7594579458236694       0.67536283    
   11.481597       1.7607443332672119       0.67636281    
   11.478896       1.7620290517807007       0.67736280    
   11.476195       1.7633008956909180       0.67836279    
   11.473495       1.7645715475082397       0.67936277    
   11.470794       1.7658317089080811       0.68036276    
   11.468093       1.7670831680297852       0.68136275    
   11.465392       1.7683353424072266       0.68236274    
   11.463592       1.7696219682693481       0.68336272    
   11.460891       1.7708582878112793       0.68436271    
   11.458190       1.7720997333526611       0.68536270    
   11.455489       1.7733263969421387       0.68636268    
   11.452788       1.7745440006256104       0.68736267    
   11.450088       1.7757595777511597       0.68836266    
   11.447387       1.7769657373428345       0.68936265    
   11.444686       1.7781713008880615       0.69036263    
   11.441985       1.7793581485748291       0.69136262    
   11.439284       1.7805452346801758       0.69236261    
   11.436584       1.7817260026931763       0.69336259    
   11.434783       1.7829437255859375       0.69436258    
   11.432082       1.7841081619262695       0.69536257    
   11.429381       1.7852766513824463       0.69636256    
   11.426681       1.7864190340042114       0.69736254    
   11.423980       1.7875585556030273       0.69836253    
   11.421279       1.7886964082717896       0.69936252    
   11.418578       1.7898161411285400       0.70036250    
   11.415877       1.7909187078475952       0.70136249    
   11.413177       1.7920529842376709       0.70236248    
   11.410476       1.7931832075119019       0.70336246    
   11.408675       1.7943524122238159       0.70436245    
   11.405974       1.7954670190811157       0.70536244    
   11.403274       1.7965867519378662       0.70636243    
   11.400573       1.7976882457733154       0.70736241    
   11.397872       1.7987953424453735       0.70836240    
   11.395171       1.7998851537704468       0.70936239    
   11.392470       1.8009757995605469       0.71036237    
   11.389770       1.8020588159561157       0.71136236    
   11.387069       1.8031325340270996       0.71236235    
   11.384368       1.8042001724243164       0.71336234    
   11.381667       1.8052645921707153       0.71436232    
   11.378966       1.8063265085220337       0.71536231    
   11.376266       1.8073754310607910       0.71636230    
   11.373565       1.8084293603897095       0.71736228    
   11.370864       1.8094663619995117       0.71836227    
   11.369063       1.8105381727218628       0.71936226    
   11.366363       1.8115538358688354       0.72036225    
   11.363662       1.8125729560852051       0.72136223    
   11.360961       1.8135764598846436       0.72236222    
   11.358260       1.8145923614501953       0.72336221    
   11.355559       1.8156006336212158       0.72436219    
   11.352859       1.8166053295135498       0.72536218    
   11.350158       1.8176109790802002       0.72636217    
   11.347457       1.8186057806015015       0.72736216    
   11.344756       1.8196034431457520       0.72836214    
   11.342055       1.8205910921096802       0.72936213    
   11.339355       1.8215681314468384       0.73036212    
   11.336654       1.8225343227386475       0.73136210    
   11.334853       1.8235522508621216       0.73236209    
   11.332152       1.8245097398757935       0.73336208    
   11.329452       1.8254668712615967       0.73436207    
   11.326751       1.8264133930206299       0.73536205    
   11.324050       1.8273572921752930       0.73636204    
   11.321349       1.8283032178878784       0.73736203    
   11.318648       1.8292289972305298       0.73836201    
   11.315948       1.8301550149917603       0.73936200    
   11.313247       1.8310674428939819       0.74036199    
   11.310546       1.8319909572601318       0.74136198    
   11.307845       1.8328992128372192       0.74236196    
   11.305144       1.8338111639022827       0.74336195    
   11.303344       1.8347473144531250       0.74436194    
   11.300643       1.8356313705444336       0.74536192    
   11.297942       1.8365169763565063       0.74636191    
   11.295241       1.8373942375183105       0.74736190    
   11.292541       1.8382765054702759       0.74836189    
   11.289840       1.8391500711441040       0.74936187    
   11.287139       1.8400086164474487       0.75036186    
   11.284438       1.8408821821212769       0.75136185    
   11.281737       1.8417291641235352       0.75236183    
   11.279937       1.8426127433776855       0.75336182    
   11.277236       1.8434469699859619       0.75436181    
   11.274535       1.8442810773849487       0.75536180    
   11.271834       1.8451002836227417       0.75636178    
   11.269134       1.8459066152572632       0.75736177    
   11.267333       1.8467103242874146       0.75836176    
   11.264632       1.8474971055984497       0.75936174    
   11.261931       1.8483147621154785       0.76036173    
   11.259231       1.8491390943527222       0.76136172    
   11.256530       1.8499456644058228       0.76236171    
   11.253829       1.8507758378982544       0.76336169    
   11.251128       1.8515899181365967       0.76436168    
   11.248427       1.8524204492568970       0.76536167    
   11.245727       1.8532397747039795       0.76636165    
   11.243026       1.8540532588958740       0.76736164    
   11.240325       1.8548614978790283       0.76836163    
   11.237624       1.8556741476058960       0.76936162    
   11.235824       1.8565059900283813       0.77036160    
   11.233123       1.8573005199432373       0.77136159    
   11.230422       1.8580987453460693       0.77236158    
   11.227721       1.8588787317276001       0.77336156    
   11.225020       1.8596562147140503       0.77436155    
   11.222320       1.8604351282119751       0.77536154    
   11.219619       1.8612093925476074       0.77636153    
   11.216918       1.8619825839996338       0.77736151    
   11.214217       1.8627454042434692       0.77836150    
   11.211516       1.8635021448135376       0.77936149    
   11.208816       1.8642622232437134       0.78036147    
   11.206115       1.8650134801864624       0.78136146    
   11.203414       1.8657448291778564       0.78236145    
   11.200713       1.8664925098419189       0.78336143    
   11.198012       1.8672366142272949       0.78436142    
   11.195312       1.8679670095443726       0.78536141    
   11.192611       1.8686908483505249       0.78636140    
   11.190810       1.8694744110107422       0.78736138    
   11.188109       1.8701881170272827       0.78836137    
   11.185409       1.8708990812301636       0.78936136    
   11.182708       1.8716202974319458       0.79036134    
   11.180007       1.8723251819610596       0.79136133    
   11.177306       1.8730258941650391       0.79236132    
   11.174605       1.8737301826477051       0.79336131    
   11.171905       1.8744306564331055       0.79436129    
   11.169204       1.8751168251037598       0.79536128    
   11.166503       1.8758008480072021       0.79636127    
   11.163802       1.8764930963516235       0.79736125    
   11.161101       1.8771717548370361       0.79836124    
   11.158401       1.8778445720672607       0.79936123    
   11.156600       1.8785696029663086       0.80036122    
   11.153899       1.8792271614074707       0.80136120    
   11.151198       1.8798978328704834       0.80236119    
   11.148498       1.8805477619171143       0.80336118    
   11.145797       1.8811831474304199       0.80436116    
   11.143096       1.8818264007568359       0.80536115    
   11.140395       1.8824529647827148       0.80636114    
   11.137694       1.8830827474594116       0.80736113    
   11.135894       1.8837445974349976       0.80836111    
   11.133193       1.8843574523925781       0.80936110    
   11.130492       1.8849656581878662       0.81036109    
   11.127791       1.8855605125427246       0.81136107    
   11.125091       1.8861701488494873       0.81236106    
   11.123290       1.8868098258972168       0.81336105    
   11.120589       1.8874018192291260       0.81436104    
   11.117888       1.8879810571670532       0.81536102    
   11.115188       1.8885581493377686       0.81636101    
   11.113387       1.8891861438751221       0.81736100    
   11.110686       1.8897563219070435       0.81836098    
   11.107985       1.8903243541717529       0.81936097    
   11.105285       1.8908886909484863       0.82036096    
   11.103484       1.8914892673492432       0.82136095    
   11.100783       1.8920550346374512       0.82236093    
   11.098083       1.8925969600677490       0.82336092    
   11.095382       1.8931457996368408       0.82436091    
   11.093581       1.8937281370162964       0.82536089    
   11.090880       1.8942755460739136       0.82636088    
   11.088180       1.8948061466217041       0.82736087    
   11.086379       1.8953787088394165       0.82836086    
   11.083678       1.8959087133407593       0.82936084    
   11.080977       1.8964331150054932       0.83036083    
   11.078277       1.8969542980194092       0.83136082    
   11.076476       1.8975137472152710       0.83236080    
   11.073775       1.8980275392532349       0.83336079    
   11.071074       1.8985346555709839       0.83436078    
   11.069274       1.8990746736526489       0.83536077    
   11.066573       1.8995902538299561       0.83636075    
   11.063872       1.9000874757766724       0.83736074    
   11.062072       1.9006215333938599       0.83836073    
   11.059371       1.9011132717132568       0.83936071    
   11.056670       1.9015961885452271       0.84036070    
   11.054870       1.9021264314651489       0.84136069    
   11.052169       1.9026023149490356       0.84236068    
   11.049468       1.9030839204788208       0.84336066    
   11.047668       1.9036017656326294       0.84436065    
   11.044967       1.9040693044662476       0.84536064    
   11.042266       1.9045422077178955       0.84636062    
   11.040465       1.9050458669662476       0.84736061    
   11.037765       1.9055087566375732       0.84836060    
   11.035064       1.9059630632400513       0.84936059    
   11.033263       1.9064548015594482       0.85036057    
   11.030562       1.9069120883941650       0.85136056    
   11.027862       1.9073606729507446       0.85236055    
   11.026061       1.9078415632247925       0.85336053    
   11.023360       1.9082877635955811       0.85436052    
   11.021560       1.9087694883346558       0.85536051    
   11.018859       1.9092001914978027       0.85636050    
   11.016158       1.9096359014511108       0.85736048    
   11.014358       1.9101002216339111       0.85836047    
   11.011657       1.9105302095413208       0.85936046    
   11.009856       1.9109978675842285       0.86036044    
   11.007155       1.9114212989807129       0.86136043    
   11.004455       1.9118340015411377       0.86236042    
   11.002654       1.9122864007949829       0.86336040    
   10.999953       1.9127022027969360       0.86436039    
   10.998153       1.9131529331207275       0.86536038    
   10.995452       1.9135557413101196       0.86636037    
   10.992751       1.9139559268951416       0.86736035    
   10.990951       1.9143953323364258       0.86836034    
   10.988250       1.9147912263870239       0.86936033    
   10.986449       1.9152337312698364       0.87036031    
   10.983748       1.9156278371810913       0.87136030    
   10.981048       1.9160071611404419       0.87236029    
   10.979247       1.9164441823959351       0.87336028    
   10.976546       1.9168220758438110       0.87436026    
   10.974746       1.9172445535659790       0.87536025    
   10.972045       1.9176186323165894       0.87636024    
   10.970244       1.9180358648300171       0.87736022    
   10.967544       1.9184042215347290       0.87836021    
   10.964843       1.9187750816345215       0.87936020    
   10.963042       1.9191763401031494       0.88036019    
   10.960341       1.9195482730865479       0.88136017    
   10.958541       1.9199508428573608       0.88236016    
   10.955840       1.9203047752380371       0.88336015    
   10.954040       1.9207029342651367       0.88436013    
   10.951339       1.9210590124130249       0.88536012    
   10.949538       1.9214465618133545       0.88636011    
   10.946837       1.9217904806137085       0.88736010    
   10.944137       1.9221446514129639       0.88836008    
   10.942336       1.9225208759307861       0.88936007    
   10.939635       1.9228616952896118       0.89036006    
   10.937835       1.9232454299926758       0.89136004    
   10.935134       1.9235805273056030       0.89236003    
   10.933333       1.9239515066146851       0.89336002    
   10.930633       1.9242842197418213       0.89436001    
   10.928832       1.9246525764465332       0.89535999    
   10.926131       1.9249857664108276       0.89635998    
   10.924331       1.9253431558609009       0.89735997    
   10.921630       1.9256584644317627       0.89835995    
   10.919829       1.9260140657424927       0.89935994    
   10.917129       1.9263342618942261       0.90035993    
   10.915328       1.9266899824142456       0.90135992    
   10.912627       1.9269974231719971       0.90235990    
   10.910827       1.9273571968078613       0.90335989    
   10.908126       1.9276646375656128       0.90435988    
   10.905425       1.9279649257659912       0.90535986    
   10.903625       1.9283108711242676       0.90635985    
   10.900924       1.9286062717437744       0.90735984    
   10.899123       1.9289435148239136       0.90835983    
   10.896422       1.9292379617691040       0.90935981    
   10.894622       1.9295728206634521       0.91035980    
   10.891921       1.9298599958419800       0.91135979    
   10.890121       1.9301900863647461       0.91235977    
   10.887420       1.9304767847061157       0.91335976    
   10.885619       1.9308021068572998       0.91435975    
   10.882918       1.9310898780822754       0.91535974    
   10.881118       1.9314014911651611       0.91635972    
   10.879317       1.9317184686660767       0.91735971    
   10.876616       1.9319901466369629       0.91835970    
   10.874816       1.9323089122772217       0.91935968    
   10.872115       1.9325824975967407       0.92035967    
   10.870315       1.9328902959823608       0.92135966    
   10.867614       1.9331530332565308       0.92235965    
   10.865813       1.9334515333175659       0.92335963    
   10.863112       1.9337171316146851       0.92435962    
   10.861312       1.9340209960937500       0.92535961    
   10.858611       1.9342731237411499       0.92635959    
   10.856811       1.9345676898956299       0.92735958    
   10.854110       1.9348243474960327       0.92835957    
   10.852309       1.9351240396499634       0.92935956    
   10.849608       1.9353665113449097       0.93035954    
   10.847808       1.9356575012207031       0.93135953    
   10.845107       1.9359070062637329       0.93235952    
   10.843307       1.9361853599548340       0.93335950    
   10.840606       1.9364250898361206       0.93435949    
   10.838805       1.9367015361785889       0.93535948    
   10.837005       1.9369806051254272       0.93635947    
   10.834304       1.9372199773788452       0.93735945    
   10.832503       1.9374895095825195       0.93835944    
   10.829803       1.9377210140228271       0.93935943    
   10.828002       1.9379907846450806       0.94035941    
   10.825301       1.9382190704345703       0.94135940    
   10.823501       1.9384834766387939       0.94235939    
   10.820800       1.9387108087539673       0.94335938    
   10.818999       1.9389749765396118       0.94435936    
   10.816298       1.9391868114471436       0.94535935    
   10.814498       1.9394456148147583       0.94635934    
   10.812697       1.9397082328796387       0.94735932    
   10.809997       1.9399211406707764       0.94835931    
   10.808196       1.9401663541793823       0.94935930    
   10.805495       1.9403805732727051       0.95035928    
   10.803695       1.9406298398971558       0.95135927    
   10.800994       1.9408439397811890       0.95235926    
   10.799193       1.9410839080810547       0.95335925    
   10.797393       1.9413270950317383       0.95435923    
   10.794692       1.9415236711502075       0.95535922    
   10.792892       1.9417660236358643       0.95635921    
   10.790191       1.9419628381729126       0.95735919    
   10.788390       1.9421991109848022       0.95835918    
   10.785689       1.9423964023590088       0.95935917    
   10.783889       1.9426249265670776       0.96035916    
   10.782088       1.9428559541702271       0.96135914    
   10.779387       1.9430478811264038       0.96235913    
   10.777587       1.9432680606842041       0.96335912    
   10.774886       1.9434545040130615       0.96435910    
   10.773086       1.9436805248260498       0.96535909    
   10.770385       1.9438593387603760       0.96635908    
   10.768584       1.9440815448760986       0.96735907    
   10.766784       1.9442986249923706       0.96835905    
   10.764083       1.9444696903228760       0.96935904    
   10.762282       1.9446872472763062       0.97035903    
   10.759582       1.9448623657226563       0.97135901    
   10.757781       1.9450678825378418       0.97235900    
   10.755980       1.9452757835388184       0.97335899    
   10.753280       1.9454463720321655       0.97435898    
   10.751479       1.9456633329391479       0.97535896    
   10.748778       1.9458184242248535       0.97635895    
   10.746978       1.9460265636444092       0.97735894    
   10.745177       1.9462273120880127       0.97835892    
   10.742476       1.9463826417922974       0.97935891    
   10.740676       1.9465805292129517       0.98035890    
   10.737975       1.9467394351959229       0.98135889    
   10.736175       1.9469331502914429       0.98235887    
   10.734374       1.9471216201782227       0.98335886    
   10.731673       1.9472752809524536       0.98435885    
   10.729873       1.9474633932113647       0.98535883    
   10.727172       1.9476145505905151       0.98635882    
   10.725371       1.9478015899658203       0.98735881    
   10.723571       1.9479911327362061       0.98835880    
   10.720870       1.9481278657913208       0.98935878    
   10.719069       1.9483054876327515       0.99035877    
   10.716369       1.9484490156173706       0.99135876    
   10.714568       1.9486293792724609       0.99235874    
   10.712768       1.9488033056259155       0.99335873    
   10.710067       1.9489431381225586       0.99435872    
   10.708266       1.9491109848022461       0.99535871    
   10.706466       1.9492856264114380       0.99635869    
   10.703765       1.9494159221649170       0.99735868    
   10.701964       1.9495882987976074       0.99835867    
   10.699264       1.9497159719467163       0.99935865    
   10.697463       1.9498829841613770        1.0003587    
   10.695662       1.9500494003295898        1.0013587    
   10.692962       1.9501641988754272        1.0023588    
   10.691161       1.9503307342529297        1.0033588    
   10.689361       1.9504884481430054        1.0043589    
   10.686660       1.9506143331527710        1.0053589    
   10.684859       1.9507718086242676        1.0063590    
   10.683059       1.9509220123291016        1.0073590    
   10.680358       1.9510370492935181        1.0083591    
   10.678557       1.9511957168579102        1.0093591    
   10.676757       1.9513422250747681        1.0103592    
   10.674056       1.9514508247375488        1.0113592    
   10.672256       1.9516055583953857        1.0123593    
   10.669555       1.9517170190811157        1.0133593    
   10.667754       1.9518543481826782        1.0143594    
   10.665954       1.9520046710968018        1.0153594    
   10.663253       1.9521088600158691        1.0163594    
   10.661452       1.9522484540939331        1.0173595    
   10.659652       1.9523895978927612        1.0183595    
   10.656951       1.9524916410446167        1.0193596    
   10.655150       1.9526175260543823        1.0203596    
   10.653350       1.9527254104614258        1.0213597    
   10.651549       1.9528273344039917        1.0223597    
   10.649749       1.9529328346252441        1.0233598    
   10.647948       1.9530364274978638        1.0243598    
   10.646148       1.9531464576721191        1.0253599    
   10.644347       1.9532631635665894        1.0263599    
   10.642547       1.9533646106719971        1.0273600    
   10.639846       1.9534358978271484        1.0283600    
   10.638045       1.9535554647445679        1.0293601    
   10.636245       1.9536654949188232        1.0303601    
   10.634444       1.9537777900695801        1.0313601    
   10.632644       1.9538856744766235        1.0323602    
   10.630843       1.9539916515350342        1.0333602    
   10.628142       1.9540603160858154        1.0343603    
   10.626342       1.9541651010513306        1.0353603    
   10.624541       1.9542781114578247        1.0363604    
   10.622741       1.9543859958648682        1.0373604    
   10.620940       1.9544799327850342        1.0383605    
   10.618239       1.9545507431030273        1.0393605    
   10.616439       1.9546555280685425        1.0403606    
   10.614638       1.9547463655471802        1.0413606    
   10.612838       1.9548518657684326        1.0423607    
   10.610137       1.9549112319946289        1.0433607    
   10.608336       1.9550189971923828        1.0443608    
   10.606536       1.9551076889038086        1.0453608    
   10.604735       1.9552071094512939        1.0463609    
   10.602935       1.9552960395812988        1.0473609    
   10.600234       1.9553543329238892        1.0483609    
   10.598433       1.9554400444030762        1.0493610    
   10.596633       1.9555071592330933        1.0503610    
   10.595733       1.9555956125259399        1.0513611    
   10.593932       1.9556447267532349        1.0523611    
   10.592132       1.9556969404220581        1.0533612    
   10.590331       1.9557589292526245        1.0543612    
   10.588531       1.9558233022689819        1.0553613    
   10.587630       1.9559209346771240        1.0563613    
   10.585830       1.9559824466705322        1.0573614    
   10.584029       1.9560443162918091        1.0583614    
   10.582229       1.9561069011688232        1.0593615    
   10.580428       1.9561649560928345        1.0603615    
   10.578628       1.9562351703643799        1.0613616    
   10.576827       1.9563010931015015        1.0623616    
   10.575027       1.9563584327697754        1.0633616    
   10.573226       1.9564198255538940        1.0643617    
   10.571425       1.9564800262451172        1.0653617    
   10.569625       1.9565402269363403        1.0663618    
   10.567824       1.9566051959991455        1.0673618    
   10.566024       1.9566589593887329        1.0683619    
   10.564223       1.9567199945449829        1.0693619    
   10.562423       1.9567759037017822        1.0703620    
   10.560622       1.9568302631378174        1.0713620    
   10.558822       1.9568878412246704        1.0723621    
   10.557021       1.9569394588470459        1.0733621    
   10.555221       1.9570009708404541        1.0743622    
   10.553420       1.9570599794387817        1.0753622    
   10.550719       1.9570693969726563        1.0763623    
   10.548919       1.9571273326873779        1.0773623    
   10.547118       1.9571769237518311        1.0783623    
   10.545318       1.9572254419326782        1.0793624    
   10.543517       1.9572762250900269        1.0803624    
   10.541717       1.9573242664337158        1.0813625    
   10.539916       1.9573729038238525        1.0823625    
   10.538116       1.9574151039123535        1.0833626    
   10.536315       1.9574477672576904        1.0843626    
   10.535415       1.9575018882751465        1.0853627    
   10.533614       1.9575109481811523        1.0863627    
   10.532714       1.9575757980346680        1.0873628    
   10.530913       1.9575960636138916        1.0883628    
   10.529113       1.9576202630996704        1.0893629    
   10.527312       1.9576489925384521        1.0903629    
   10.525512       1.9576710462570190        1.0913630    
   10.524611       1.9577381610870361        1.0923630    
   10.522811       1.9577631950378418        1.0933630    
   10.521010       1.9577864408493042        1.0943631    
   10.519210       1.9578078985214233        1.0953631    
   10.517409       1.9578307867050171        1.0963632    
   10.516509       1.9578975439071655        1.0973632    
   10.514709       1.9579153060913086        1.0983633    
   10.512908       1.9579367637634277        1.0993633    
   10.511107       1.9579614400863647        1.1003634    
   10.509307       1.9579845666885376        1.1013634    
   10.507506       1.9580049514770508        1.1023635    
   10.505706       1.9580236673355103        1.1033635    
   10.503905       1.9580377340316772        1.1043636    
   10.503005       1.9580944776535034        1.1053636    
   10.501204       1.9581152200698853        1.1063637    
   10.499404       1.9581274986267090        1.1073637    
   10.497603       1.9581440687179565        1.1083637    
   10.495803       1.9581594467163086        1.1093638    
   10.494002       1.9581695795059204        1.1103638    
   10.492202       1.9581813812255859        1.1113639    
   10.490401       1.9581956863403320        1.1123639    
   10.488601       1.9582105875015259        1.1133640    
   10.486800       1.9582263231277466        1.1143640    
   10.485900       1.9582737684249878        1.1153641    
   10.484099       1.9582927227020264        1.1163641    
   10.482299       1.9583017826080322        1.1173642    
   10.480498       1.9583140611648560        1.1183642    
   10.478698       1.9583241939544678        1.1193643    
   10.476897       1.9583173990249634        1.1203643    
   10.475097       1.9583108425140381        1.1213644    
   10.474196       1.9583432674407959        1.1223644    
   10.472396       1.9583418369293213        1.1233644    
   10.470595       1.9583363533020020        1.1243645    
   10.468795       1.9583349227905273        1.1253645    
   10.467895       1.9583710432052612        1.1263646    
   10.466094       1.9583661556243896        1.1273646    
   10.464293       1.9583595991134644        1.1283647    
   10.462493       1.9583615064620972        1.1293647    
   10.460692       1.9583560228347778        1.1303648    
   10.459792       1.9583859443664551        1.1313648    
   10.457992       1.9583798646926880        1.1323649    
   10.456191       1.9583759307861328        1.1333649    
   10.454391       1.9583735466003418        1.1343650    
   10.452590       1.9583595991134644        1.1353650    
   10.450789       1.9583518505096436        1.1363651    
   10.448989       1.9583479166030884        1.1373651    
   10.448089       1.9583754539489746        1.1383651    
   10.446288       1.9583625793457031        1.1393652    
   10.444488       1.9583518505096436        1.1403652    
   10.442687       1.9583418369293213        1.1413653    
   10.440886       1.9583311080932617        1.1423653    
   10.439086       1.9583169221878052        1.1433654    
   10.437285       1.9583001136779785        1.1443654    
   10.435485       1.9582910537719727        1.1453655    
   10.434585       1.9583063125610352        1.1463655    
   10.432784       1.9582949876785278        1.1473656    
   10.430984       1.9582775831222534        1.1483656    
   10.429183       1.9582676887512207        1.1493657    
   10.427382       1.9582452774047852        1.1503657    
   10.425582       1.9582301378250122        1.1513658    
   10.423781       1.9582109451293945        1.1523658    
   10.421981       1.9581879377365112        1.1533659    
   10.420180       1.9581714868545532        1.1543659    
   10.418380       1.9581490755081177        1.1553659    
   10.417480       1.9581582546234131        1.1563660    
   10.415679       1.9581400156021118        1.1573660    
   10.413878       1.9581183195114136        1.1583661    
   10.412078       1.9580857753753662        1.1593661    
   10.410277       1.9580576419830322        1.1603662    
   10.409377       1.9580609798431396        1.1613662    
   10.407577       1.9580265283584595        1.1623663    
   10.406676       1.9580276012420654        1.1633663    
   10.404876       1.9579918384552002        1.1643664    
   10.403075       1.9579633474349976        1.1653664    
   10.401275       1.9579316377639771        1.1663665    
   10.400374       1.9579340219497681        1.1673665    
   10.398574       1.9578953981399536        1.1683666    
   10.396773       1.9578610658645630        1.1693666    
   10.394973       1.9578245878219604        1.1703666    
   10.394073       1.9578274488449097        1.1713667    
   10.392272       1.9577963352203369        1.1723667    
   10.390471       1.9577554464340210        1.1733668    
   10.388671       1.9577169418334961        1.1743668    
   10.386870       1.9576797485351563        1.1753669    
   10.385970       1.9576749801635742        1.1763669    
   10.384170       1.9576393365859985        1.1773670    
   10.382369       1.9576009511947632        1.1783670    
   10.380569       1.9575569629669189        1.1793671    
   10.378768       1.9575209617614746        1.1803671    
   10.377868       1.9575058221817017        1.1813672    
   10.376067       1.9574692249298096        1.1823672    
   10.374267       1.9574218988418579        1.1833673    
   10.372466       1.9573801755905151        1.1843673    
   10.370666       1.9573360681533813        1.1853673    
   10.369765       1.9573245048522949        1.1863674    
   10.367965       1.9572818279266357        1.1873674    
   10.366164       1.9572304487228394        1.1883675    
   10.364364       1.9571827650070190        1.1893675    
   10.362563       1.9571362733840942        1.1903676    
   10.361663       1.9571276903152466        1.1913676    
   10.359862       1.9570809602737427        1.1923677    
   10.358062       1.9570273160934448        1.1933677    
   10.356261       1.9569729566574097        1.1943678    
   10.354461       1.9569265842437744        1.1953678    
   10.353560       1.9569116830825806        1.1963679    
   10.351760       1.9568563699722290        1.1973679    
   10.349959       1.9568017721176147        1.1983680    
   10.348159       1.9567505121231079        1.1993680    
   10.347259       1.9567246437072754        1.2003680    
   10.345458       1.9566687345504761        1.2013681    
   10.344558       1.9566459655761719        1.2023681    
   10.342757       1.9565873146057129        1.2033682    
   10.341857       1.9565653800964355        1.2043682    
   10.340056       1.9565060138702393        1.2053683    
   10.338256       1.9564481973648071        1.2063683    
   10.337356       1.9564241170883179        1.2073684    
   10.335555       1.9563634395599365        1.2083684    
   10.333755       1.9563019275665283        1.2093685    
   10.332854       1.9562797546386719        1.2103685    
   10.331054       1.9562207460403442        1.2113686    
   10.329253       1.9561530351638794        1.2123686    
   10.328353       1.9561213254928589        1.2133687    
   10.326552       1.9560623168945313        1.2143687    
   10.324752       1.9559983015060425        1.2153687    
   10.323852       1.9559671878814697        1.2163688    
   10.322051       1.9558991193771362        1.2173688    
   10.320251       1.9558333158493042        1.2183689    
   10.319350       1.9558099508285522        1.2193689    
   10.317550       1.9557435512542725        1.2203690    
   10.315749       1.9556704759597778        1.2213690    
   10.313949       1.9556053876876831        1.2223691    
   10.313048       1.9555733203887939        1.2233691    
   10.311248       1.9555015563964844        1.2243692    
   10.309447       1.9554296731948853        1.2253692    
   10.308547       1.9553946256637573        1.2263693    
   10.306746       1.9553236961364746        1.2273693    
   10.304946       1.9552502632141113        1.2283694    
   10.304046       1.9552208185195923        1.2293694    
   10.302245       1.9551435708999634        1.2303694    
   10.300445       1.9550744295120239        1.2313695    
   10.298644       1.9549869298934937        1.2323695    
   10.297744       1.9549643993377686        1.2333696    
   10.295943       1.9548809528350830        1.2343696    
   10.294143       1.9548056125640869        1.2353697    
   10.293242       1.9547649621963501        1.2363697    
   10.291442       1.9546824693679810        1.2373698    
   10.289641       1.9546121358871460        1.2383698    
   10.288741       1.9545750617980957        1.2393699    
   10.286941       1.9544885158538818        1.2403699    
   10.285140       1.9544067382812500        1.2413700    
   10.284240       1.9543712139129639        1.2423700    
   10.283340       1.9543288946151733        1.2433701    
   10.282439       1.9542880058288574        1.2443701    
   10.280639       1.9542021751403809        1.2453701    
   10.279738       1.9541615247726440        1.2463702    
   10.277938       1.9540761709213257        1.2473702    
   10.276137       1.9539983272552490        1.2483703    
   10.275237       1.9539510011672974        1.2493703    
   10.273437       1.9538631439208984        1.2503704    
   10.271636       1.9537832736968994        1.2513704    
   10.270736       1.9537349939346313        1.2523705    
   10.268935       1.9536507129669189        1.2533705    
   10.267135       1.9535571336746216        1.2543706    
   10.266234       1.9535033702850342        1.2553706    
   10.264434       1.9534246921539307        1.2563707    
   10.262633       1.9533375501632690        1.2573707    
   10.260833       1.9532471895217896        1.2583708    
   10.259933       1.9531929492950439        1.2593708    
   10.258132       1.9531029462814331        1.2603709    
   10.256331       1.9530143737792969        1.2613709    
   10.255431       1.9529610872268677        1.2623709    
   10.253631       1.9528710842132568        1.2633710    
   10.251830       1.9527791738510132        1.2643710    
   10.250930       1.9527209997177124        1.2653711    
   10.249129       1.9526277780532837        1.2663711    
   10.247329       1.9525376558303833        1.2673712    
   10.245528       1.9524432420730591        1.2683712    
   10.244628       1.9523805379867554        1.2693713    
   10.242827       1.9522917270660400        1.2703713    
   10.241927       1.9522296190261841        1.2713714    
   10.240127       1.9521355628967285        1.2723714    
   10.238326       1.9520351886749268        1.2733715    
   10.237426       1.9519820213317871        1.2743715    
   10.235625       1.9518805742263794        1.2753716    
   10.233825       1.9517880678176880        1.2763716    
   10.232924       1.9517241716384888        1.2773716    
   10.231124       1.9516261816024780        1.2783717    
   10.229323       1.9515258073806763        1.2793717    
   10.228423       1.9514644145965576        1.2803718    
   10.226623       1.9513628482818604        1.2813718    
   10.224822       1.9512604475021362        1.2823719    
   10.223922       1.9511952400207520        1.2833719    
   10.222121       1.9510961771011353        1.2843720    
   10.220321       1.9509894847869873        1.2853720    
   10.219420       1.9509359598159790        1.2863721    
   10.218520       1.9508707523345947        1.2873721    
   10.216720       1.9507730007171631        1.2883722    
   10.214919       1.9506696462631226        1.2893722    
   10.214019       1.9506038427352905        1.2903723    
   10.212218       1.9504991769790649        1.2913723    
   10.211318       1.9504370689392090        1.2923723    
   10.209517       1.9503209590911865        1.2933724    
   10.208617       1.9502564668655396        1.2943724    
   10.206817       1.9501547813415527        1.2953725    
   10.205016       1.9500483274459839        1.2963725    
   10.204116       1.9499759674072266        1.2973726    
   10.202315       1.9498735666275024        1.2983726    
   10.201415       1.9497988224029541        1.2993727    
   10.199615       1.9496937990188599        1.3003727    
   10.197814       1.9495861530303955        1.3013728    
   10.196914       1.9495130777359009        1.3023728    
   10.195113       1.9494050741195679        1.3033729    
   10.194213       1.9493255615234375        1.3043729    
   10.192412       1.9492194652557373        1.3053730    
   10.190612       1.9491099119186401        1.3063730    
   10.189712       1.9490309953689575        1.3073730    
   10.187911       1.9489209651947021        1.3083731    
   10.187011       1.9488456249237061        1.3093731    
   10.185210       1.9487320184707642        1.3103732    
   10.183410       1.9486174583435059        1.3113732    
   10.182509       1.9485449790954590        1.3123733    
   10.180709       1.9484263658523560        1.3133733    
   10.178908       1.9483115673065186        1.3143734    
   10.178008       1.9482326507568359        1.3153734    
   10.176208       1.9481199979782104        1.3163735    
   10.175307       1.9480377435684204        1.3173735    
   10.173507       1.9479234218597412        1.3183736    
   10.171706       1.9478033781051636        1.3193736    
   10.170806       1.9477248191833496        1.3203737    
   10.169005       1.9476029872894287        1.3213737    
   10.168105       1.9475235939025879        1.3223737    
   10.166305       1.9474087953567505        1.3233738    
   10.164504       1.9472856521606445        1.3243738    
   10.163604       1.9472005367279053        1.3253739    
   10.161803       1.9470815658569336        1.3263739    
   10.160003       1.9469578266143799        1.3273740    
   10.159102       1.9468837976455688        1.3283740    
   10.158202       1.9468115568161011        1.3293741    
   10.156402       1.9466971158981323        1.3303741    
   10.155501       1.9466100931167603        1.3313742    
   10.153701       1.9464933872222900        1.3323742    
   10.152801       1.9464147090911865        1.3333743    
   10.151000       1.9462958574295044        1.3343743    
   10.150100       1.9462075233459473        1.3353744    
   10.148299       1.9460952281951904        1.3363744    
   10.147399       1.9460042715072632        1.3373744    
   10.146499       1.9459218978881836        1.3383745    
   10.144698       1.9458031654357910        1.3393745    
   10.143798       1.9457203149795532        1.3403746    
   10.141997       1.9456000328063965        1.3413746    
   10.141097       1.9455116987228394        1.3423747    
   10.139297       1.9453948736190796        1.3433747    
   10.138396       1.9453133344650269        1.3443748    
   10.137496       1.9452292919158936        1.3453748    
   10.135695       1.9451153278350830        1.3463749    
   10.134795       1.9450241327285767        1.3473749    
   10.132995       1.9449034929275513        1.3483750    
   10.132094       1.9448045492172241        1.3493750    
   10.130294       1.9446740150451660        1.3503751    
   10.129394       1.9445832967758179        1.3513751    
   10.127593       1.9444555044174194        1.3523751    
   10.125793       1.9443255662918091        1.3533752    
   10.124892       1.9442288875579834        1.3543752    
   10.123092       1.9441031217575073        1.3553753    
   10.122191       1.9440056085586548        1.3563753    
   10.120391       1.9438736438751221        1.3573754    
   10.119491       1.9437764883041382        1.3583754    
   10.117690       1.9436433315277100        1.3593755    
   10.115890       1.9435173273086548        1.3603755    
   10.114989       1.9434106349945068        1.3613756    
   10.113189       1.9432853460311890        1.3623756    
   10.112288       1.9431877136230469        1.3633757    
   10.110488       1.9430618286132813        1.3643757    
   10.109588       1.9429596662521362        1.3653758    
   10.107787       1.9428279399871826        1.3663758    
   10.106887       1.9427313804626465        1.3673759    
   10.105086       1.9426007270812988        1.3683759    
   10.104186       1.9424952268600464        1.3693759    
   10.102386       1.9423725605010986        1.3703760    
   10.101485       1.9422805309295654        1.3713760    
   10.100585       1.9421949386596680        1.3723761    
   10.098784       1.9420673847198486        1.3733761    
   10.097884       1.9419744014739990        1.3743762    
   10.096984       1.9418826103210449        1.3753762    
   10.095183       1.9417557716369629        1.3763763    
   10.094283       1.9416615962982178        1.3773763    
   10.093383       1.9415615797042847        1.3783764    
   10.091582       1.9414299726486206        1.3793764    
   10.090682       1.9413331747055054        1.3803765    
   10.088881       1.9412095546722412        1.3813765    
   10.087981       1.9411078691482544        1.3823766    
   10.087081       1.9410098791122437        1.3833766    
   10.085280       1.9408783912658691        1.3843766    
   10.084380       1.9407851696014404        1.3853767    
   10.083480       1.9406805038452148        1.3863767    
   10.081679       1.9405498504638672        1.3873768    
   10.080779       1.9404503107070923        1.3883768    
   10.078979       1.9403187036514282        1.3893769    
   10.078078       1.9402166604995728        1.3903769    
   10.077178       1.9401195049285889        1.3913770    
   10.075377       1.9399868249893188        1.3923770    
   10.074477       1.9398899078369141        1.3933771    
   10.073577       1.9397873878479004        1.3943771    
   10.071776       1.9396569728851318        1.3953772    
   10.070876       1.9395583868026733        1.3963772    
   10.069976       1.9394561052322388        1.3973773    
   10.068175       1.9393223524093628        1.3983773    
   10.067275       1.9392246007919312        1.3993773    
   10.066375       1.9391227960586548        1.4003774    
   10.064574       1.9389908313751221        1.4013774    
   10.063674       1.9388870000839233        1.4023775    
   10.062774       1.9387887716293335        1.4033775    
   10.060973       1.9386525154113770        1.4043776    
   10.060073       1.9385601282119751        1.4053776    
   10.059173       1.9384540319442749        1.4063777    
   10.058272       1.9383527040481567        1.4073777    
   10.056472       1.9382238388061523        1.4083778    
   10.055572       1.9381167888641357        1.4093778    
   10.054671       1.9380196332931519        1.4103779    
   10.053771       1.9379216432571411        1.4113779    
   10.051970       1.9377911090850830        1.4123780    
   10.051070       1.9377090930938721        1.4133780    
   10.051070       1.9376548528671265        1.4143780    
   10.050170       1.9375715255737305        1.4153781    
   10.049270       1.9374892711639404        1.4163781    
   10.048369       1.9374039173126221        1.4173782    
   10.047469       1.9373288154602051        1.4183782    
   10.046569       1.9372529983520508        1.4193783    
   10.045669       1.9371856451034546        1.4203783    
   10.045669       1.9371356964111328        1.4213784    
   10.043868       1.9370034933090210        1.4223784    
   10.042968       1.9369052648544312        1.4233785    
   10.042068       1.9368016719818115        1.4243785    
   10.041167       1.9366974830627441        1.4253786    
   10.040267       1.9365974664688110        1.4263786    
   10.038466       1.9364625215530396        1.4273787    
   10.037566       1.9363635778427124        1.4283787    
   10.036666       1.9362559318542480        1.4293787    
   10.035766       1.9361552000045776        1.4303788    
   10.033965       1.9360210895538330        1.4313788    
   10.033065       1.9359166622161865        1.4323789    
   10.032165       1.9358204603195190        1.4333789    
   10.031264       1.9357151985168457        1.4343790    
   10.030364       1.9356080293655396        1.4353790    
   10.029464       1.9355081319808960        1.4363791    
   10.027663       1.9353752136230469        1.4373791    
   10.026763       1.9352736473083496        1.4383792    
   10.025863       1.9351680278778076        1.4393792    
   10.024962       1.9350676536560059        1.4403793    
   10.024062       1.9349675178527832        1.4413793    
   10.023162       1.9348664283752441        1.4423794    
   10.021361       1.9347304105758667        1.4433794    
   10.020461       1.9346269369125366        1.4443794    
   10.019561       1.9345358610153198        1.4453795    
   10.018661       1.9344403743743896        1.4463795    
   10.017760       1.9343435764312744        1.4473796    
   10.016860       1.9342478513717651        1.4483796    
   10.015960       1.9341492652893066        1.4493797    
   10.015059       1.9340449571609497        1.4503797    
   10.014159       1.9339631795883179        1.4513798    
   10.013259       1.9338774681091309        1.4523798    
   10.013259       1.9338357448577881        1.4533799    
   10.012359       1.9337540864944458        1.4543799    
   10.011458       1.9336760044097900        1.4553800    
   10.010558       1.9335978031158447        1.4563800    
   10.010558       1.9335492849349976        1.4573801    
   10.009658       1.9334719181060791        1.4583801    
   10.008758       1.9333975315093994        1.4593801    
   10.008758       1.9333487749099731        1.4603802    
   10.007857       1.9332698583602905        1.4613802    
   10.006957       1.9331963062286377        1.4623803    
   10.006957       1.9331569671630859        1.4633803    
   10.006057       1.9330961704254150        1.4643804    
   10.006057       1.9330739974975586        1.4653804    
   10.006057       1.9330583810806274        1.4663805    
   10.005157       1.9330148696899414        1.4673805    
   10.005157       1.9329978227615356        1.4683806    
   10.005157       1.9329732656478882        1.4693806    
   10.004256       1.9329006671905518        1.4703807    
   10.003356       1.9328211545944214        1.4713807    
   10.003356       1.9327605962753296        1.4723808    
   10.002456       1.9326735734939575        1.4733808    
   10.001555       1.9325811862945557        1.4743809    
   10.000655       1.9324967861175537        1.4753809    
   9.9997549       1.9324128627777100        1.4763809    
   9.9988546       1.9323258399963379        1.4773810    
   9.9988546       1.9322748184204102        1.4783810    
   9.9979544       1.9321931600570679        1.4793811    
   9.9970541       1.9321150779724121        1.4803811    
   9.9970541       1.9320663213729858        1.4813812    
   9.9961538       1.9319888353347778        1.4823812    
   9.9952536       1.9319096803665161        1.4833813    
   9.9952536       1.9318737983703613        1.4843813    
